time trial serPNS triggered inRewardWin z_poi
1576525562159 0 s 1 1 0 0.3
1576525562205 0 s 1 1 0 0.0
1576525562221 0 s 1 1 0 0.4
1576525562230 0 s 1 1 0 0.0
1576525562237 0 s 1 1 0 0.3
1576525562244 0 s 1 1 0 0.1
1576525562259 0 s 1 1 0 0.3
1576525562267 0 s 1 1 0 0.0
1576525562276 0 s 1 1 0 0.3
1576525562284 0 s 1 1 0 0.1
1576525562293 0 s 1 1 0 0.3
1576525562301 0 s 1 1 0 0.0
1576525562309 0 s 1 1 0 0.2
1576525562322 0 s 1 1 0 0.2
1576525562334 0 s 1 1 0 0.9
1576525562345 0 s 1 1 0 0.5
1576525562354 0 s 1 1 0 0.3
1576525562362 0 s 1 1 0 0.4
1576525562371 0 s 1 1 0 0.0
1576525562378 0 s 1 1 0 0.2
1576525562390 0 s 1 1 0 0.2
1576525562398 0 s 1 1 0 0.1
1576525562406 0 s 1 1 0 0.8
1576525562413 0 s 1 1 0 0.0
1576525562421 0 s 1 1 0 0.1
1576525562428 0 s 1 1 0 0.0
1576525562436 0 s 1 1 0 0.3
1576525562443 0 s 1 1 0 0.3
1576525562451 0 s 1 1 0 0.4
1576525562458 0 s 1 1 0 0.0
1576525562465 0 s 1 1 0 0.0
1576525562472 0 s 1 1 0 0.2
1576525562481 0 s 1 1 0 0.2
1576525562489 0 s 1 1 0 0.3
1576525562497 0 s 1 1 0 0.0
1576525562506 0 s 1 1 0 0.0
1576525562515 0 s 1 1 0 0.1
1576525562522 0 s 1 1 0 0.2
1576525562530 0 s 1 1 0 0.0
1576525562538 0 s 1 1 0 0.3
1576525562546 0 s 1 1 0 0.3
1576525562553 0 s 1 1 0 0.3
1576525562561 0 s 1 1 0 0.0
1576525562568 0 s 1 1 0 0.0
1576525562576 0 s 1 1 0 0.5
1576525562583 0 s 1 1 0 0.3
1576525562591 0 s 1 1 0 0.2
1576525562598 0 s 1 1 0 0.0
1576525562606 0 s 1 1 0 0.1
1576525562613 0 s 1 1 0 0.0
1576525562621 0 s 1 1 0 0.1
1576525562628 0 s 1 1 0 0.4
1576525562636 0 s 1 1 0 0.0
1576525562643 0 s 1 1 0 0.4
1576525562651 0 s 1 1 0 0.3
1576525562658 0 s 1 1 0 0.0
1576525562666 0 s 1 1 0 0.4
1576525562673 0 s 1 1 0 0.3
1576525562681 0 s 1 1 0 0.1
1576525562688 0 s 1 1 0 0.4
1576525562695 0 s 1 1 0 0.0
1576525562702 0 s 1 1 0 0.4
1576525562710 0 s 1 1 0 0.0
1576525562717 0 s 1 1 0 0.0
1576525562725 0 s 1 1 0 0.3
1576525562732 0 s 1 1 0 0.9
1576525562740 0 s 1 1 0 0.2
1576525562747 0 s 1 1 0 0.0
1576525562755 0 s 1 1 0 0.0
1576525562762 0 s 1 1 0 0.3
1576525562770 0 s 1 1 0 0.0
1576525562778 0 s 1 1 0 0.0
1576525562786 0 s 1 1 0 0.1
1576525562793 0 s 1 1 0 0.1
1576525562801 0 s 1 1 0 0.0
1576525562808 0 s 1 1 0 0.0
1576525562816 0 s 1 1 0 0.0
1576525562823 0 s 1 1 0 0.0
1576525562831 0 s 1 1 0 0.3
1576525562838 0 s 1 1 0 0.2
1576525562846 0 s 1 1 0 0.0
1576525562853 0 s 1 1 0 0.3
1576525562861 0 s 1 1 0 0.2
1576525562868 0 s 1 1 0 0.0
1576525562876 0 s 1 1 0 0.2
1576525562884 0 s 1 1 0 0.2
1576525562891 0 s 1 1 0 0.4
1576525562898 0 s 1 1 0 0.3
1576525562906 0 s 1 1 0 0.1
1576525562913 0 s 1 1 0 0.0
1576525562921 0 s 1 1 0 0.4
1576525562928 0 s 1 1 0 0.4
1576525562936 0 s 1 1 0 0.2
1576525562943 0 s 1 1 0 0.4
1576525562951 0 s 1 1 0 0.3
1576525562958 0 s 1 1 0 0.2
1576525562965 0 s 1 1 0 0.0
1576525562972 0 s 1 1 0 0.0
1576525562982 0 s 1 1 0 0.2
1576525562989 0 s 1 1 0 0.3
1576525562997 0 s 1 1 0 0.0
1576525563004 0 s 1 1 0 0.1
1576525563011 0 s 1 1 0 0.0
1576525563018 0 s 1 1 0 0.3
1576525563027 0 s 1 1 0 0.2
1576525563035 0 s 1 1 0 0.0
1576525563044 0 s 1 1 0 0.4
1576525563051 0 s 1 1 0 0.1
1576525563059 0 s 1 1 0 0.1
1576525563067 0 s 1 1 0 0.4
1576525563074 0 s 1 1 0 0.0
1576525563082 0 s 1 1 0 0.0
1576525563089 0 s 1 1 0 0.0
1576525563096 0 s 1 1 0 1.1
1576525563103 0 s 1 1 0 1.1
1576525563110 0 s 1 1 0 0.8
1576525563118 0 s 1 1 0 0.6
1576525563125 0 s 1 1 0 0.1
1576525563133 0 s 1 1 0 0.0
1576525563141 0 s 1 1 0 0.1
1576525563148 0 s 1 1 0 0.0
1576525563155 0 s 1 1 0 0.0
1576525563163 0 s 1 1 0 1.1
1576525563170 0 s 1 1 0 0.5
1576525563178 0 s 1 1 0 0.2
1576525563185 0 s 1 1 0 0.2
1576525563192 0 s 1 1 0 0.0
1576525563199 0 s 1 1 0 0.0
1576525563207 0 s 1 1 0 0.2
1576525563214 0 s 1 1 0 0.1
1576525563222 0 s 1 1 0 0.0
1576525563229 0 s 1 1 0 0.0
1576525563237 0 s 1 1 0 0.0
1576525563244 0 s 1 1 0 0.0
1576525563251 0 s 1 1 0 0.7
1576525563258 0 s 1 1 0 0.2
1576525563266 0 s 1 1 0 0.0
1576525563274 0 s 1 1 0 0.0
1576525563282 0 s 1 1 0 0.3
1576525563289 0 s 1 1 0 0.0
1576525563297 0 s 1 1 0 0.3
1576525563304 0 s 1 1 0 0.3
1576525563312 0 s 1 1 0 0.3
1576525563319 0 s 1 1 0 0.3
1576525563327 0 s 1 1 0 0.2
1576525563334 0 s 1 1 0 0.0
1576525563343 0 s 1 1 0 0.6
1576525563352 0 s 1 1 0 0.3
1576525563360 0 s 1 1 0 0.0
1576525563367 0 s 1 1 0 0.1
1576525563375 0 s 1 1 0 0.0
1576525563384 0 s 1 1 0 0.0
1576525563392 0 s 1 1 0 0.3
1576525563400 0 s 1 1 0 0.2
1576525563409 0 s 1 1 0 0.0
1576525563416 0 s 1 1 0 0.3
1576525563423 0 s 1 1 0 1.4
1576525563430 0 s 1 1 0 0.1
1576525563438 0 s 1 1 0 0.1
1576525563445 0 s 1 1 0 0.2
1576525563453 0 s 1 1 0 0.3
1576525563460 0 s 1 1 0 0.0
1576525563468 0 s 1 1 0 0.2
1576525563475 0 s 1 1 0 0.5
1576525563484 0 s 1 1 0 0.0
1576525563491 0 s 1 1 0 1.0
1576525563499 0 s 1 1 0 0.0
1576525563506 0 s 1 1 0 0.0
1576525563514 0 s 1 1 0 0.8
1576525563522 0 s 1 1 0 0.1
1576525563530 0 s 1 1 0 0.0
1576525563537 0 s 1 1 0 0.3
1576525563545 0 s 1 1 0 0.5
1576525563552 0 s 1 1 0 1.7
1576525563560 0 s 1 1 0 0.2
1576525563567 0 s 1 1 0 0.1
1576525563575 0 s 1 1 0 0.1
1576525563582 0 s 1 1 0 0.4
1576525563591 0 s 1 1 0 0.1
1576525563598 0 s 1 1 0 0.0
1576525563606 0 s 1 1 0 0.4
1576525563613 0 s 1 1 0 0.0
1576525563621 0 s 1 1 0 0.1
1576525563628 0 s 1 1 0 0.2
1576525563635 0 s 1 1 0 0.3
1576525563642 0 s 1 1 0 0.1
1576525563650 0 s 1 1 0 0.0
1576525563657 0 s 1 1 0 0.1
1576525563665 0 s 1 1 0 0.0
1576525563672 0 s 1 1 0 0.0
1576525563680 0 s 1 1 0 0.0
1576525563687 0 s 1 1 0 0.1
1576525563695 0 s 1 1 0 0.0
1576525563702 0 s 1 1 0 0.0
1576525563710 0 s 1 1 0 0.8
1576525563717 0 s 1 1 0 0.0
1576525563725 0 s 1 1 0 0.3
1576525563732 0 s 1 1 0 0.3
1576525563740 0 s 1 1 0 0.5
1576525563748 0 s 1 1 0 0.4
1576525563756 0 s 1 1 0 0.4
1576525563763 0 s 1 1 0 0.0
1576525563771 0 s 1 1 0 0.3
1576525563778 0 s 1 1 0 0.1
1576525563785 0 s 1 1 0 0.0
1576525563792 0 s 1 1 0 0.0
1576525563800 0 s 1 1 0 0.1
1576525563808 0 s 1 1 0 0.4
1576525563815 0 s 1 1 0 0.0
1576525563822 0 s 1 1 0 0.1
1576525563830 0 s 1 1 0 0.3
1576525563838 0 s 1 1 0 0.4
1576525563846 0 s 1 1 0 0.0
1576525563853 0 s 1 1 0 0.3
1576525563861 0 s 1 1 0 0.0
1576525563868 0 s 1 1 0 0.2
1576525563876 0 s 1 1 0 0.2
1576525563883 0 s 1 1 0 0.0
1576525563891 0 s 1 1 0 0.0
1576525563898 0 s 1 1 0 0.3
1576525563906 0 s 1 1 0 0.1
1576525563913 0 s 1 1 0 0.0
1576525563921 0 s 1 1 0 0.2
1576525563928 0 s 1 1 0 0.1
1576525563936 0 s 1 1 0 0.0
1576525563943 0 s 1 1 0 0.6
1576525563951 0 s 1 1 0 0.4
1576525563958 0 s 1 1 0 0.0
1576525563966 0 s 1 1 0 0.0
1576525563973 0 s 1 1 0 0.0
1576525563981 0 s 1 1 0 0.2
1576525563989 0 s 1 1 0 0.3
1576525563997 0 s 1 1 0 0.1
1576525564004 0 s 1 1 0 0.1
1576525564012 0 s 1 1 0 0.1
1576525564020 0 s 1 1 0 0.0
1576525564027 0 s 1 1 0 0.0
1576525564034 0 s 1 1 0 0.1
1576525564042 0 s 1 1 0 0.0
1576525564049 0 s 1 1 0 0.2
1576525564057 0 s 1 1 0 0.3
1576525564065 0 s 1 1 0 0.0
1576525564072 0 s 1 1 0 0.4
1576525564079 0 s 1 1 0 0.1
1576525564087 0 s 1 1 0 0.5
1576525564094 0 s 1 1 0 0.0
1576525564102 0 s 1 1 0 0.0
1576525564110 0 s 1 1 0 0.4
1576525564118 0 s 1 1 0 0.2
1576525564125 0 s 1 1 0 0.4
1576525564133 0 s 1 1 0 0.4
1576525564140 0 s 1 1 0 0.2
1576525564148 0 s 1 1 0 0.3
1576525564155 0 s 1 1 0 0.4
1576525564163 0 s 1 1 0 0.0
1576525564170 0 s 1 1 0 0.1
1576525564178 0 s 1 1 0 0.3
1576525564187 0 s 1 1 0 0.0
1576525564194 0 s 1 1 0 0.0
1576525564201 0 s 1 1 0 0.3
1576525564209 0 s 1 1 0 0.0
1576525564216 0 s 1 1 0 0.2
1576525564224 0 s 1 1 0 0.2
1576525564231 0 s 1 1 0 0.1
1576525564239 0 s 1 1 0 1.2
1576525564246 0 s 1 1 0 0.0
1576525564254 0 s 1 1 0 0.3
1576525564261 0 s 1 1 0 0.0
1576525564268 0 s 1 1 0 0.0
1576525564275 0 s 1 1 0 0.4
1576525564283 0 s 1 1 0 0.1
1576525564290 0 s 1 1 0 0.9
1576525564298 0 s 1 1 0 0.0
1576525564305 0 s 1 1 0 0.3
1576525564313 0 s 1 1 0 0.1
1576525564320 0 s 1 1 0 0.3
1576525564328 0 s 1 1 0 0.0
1576525564335 0 s 1 1 0 0.0
1576525564343 0 s 1 1 0 0.0
1576525564350 0 s 1 1 0 0.4
1576525564358 0 s 1 1 0 1.4
1576525564366 0 s 1 1 0 0.0
1576525564373 0 s 1 1 0 0.1
1576525564380 0 s 1 1 0 0.2
1576525564387 0 s 1 1 0 0.4
1576525564394 0 s 1 1 0 0.3
1576525564402 0 s 1 1 0 0.2
1576525564409 0 s 1 1 0 0.2
1576525564417 0 s 1 1 0 0.0
1576525564425 0 s 1 1 0 0.3
1576525564432 0 s 1 1 0 0.3
1576525564440 0 s 1 1 0 0.3
1576525564447 0 s 1 1 0 0.0
1576525564454 0 s 1 1 0 0.0
1576525564462 0 s 1 1 0 0.0
1576525564470 0 s 1 1 0 0.0
1576525564478 0 s 1 1 0 0.0
1576525564485 0 s 1 1 0 0.1
1576525564494 0 s 1 1 0 0.1
1576525564501 0 s 1 1 0 0.3
1576525564509 0 s 1 1 0 0.9
1576525564516 0 s 1 1 0 0.5
1576525564524 0 s 1 1 0 0.3
1576525564531 0 s 1 1 0 0.0
1576525564539 0 s 1 1 0 1.3
1576525564546 0 s 1 1 0 0.0
1576525564554 0 s 1 1 0 0.4
1576525564561 0 s 1 1 0 0.2
1576525564569 0 s 1 1 0 0.0
1576525564576 0 s 1 1 0 0.4
1576525564584 0 s 1 1 0 0.5
1576525564591 0 s 1 1 0 0.4
1576525564600 0 s 1 1 0 0.7
1576525564608 0 s 1 1 0 0.0
1576525564617 0 s 1 1 0 0.2
1576525564624 0 s 1 1 0 0.0
1576525564632 0 s 1 1 0 0.4
1576525564639 0 s 1 1 0 0.4
1576525564646 0 s 1 1 0 0.3
1576525564653 0 s 1 1 0 0.0
1576525564661 0 s 1 1 0 0.0
1576525564669 0 s 1 1 0 0.3
1576525564677 0 s 1 1 0 0.5
1576525564684 0 s 1 1 0 0.3
1576525564692 0 s 1 1 0 1.4
1576525564699 0 s 1 1 0 0.1
1576525564707 0 s 1 1 0 0.1
1576525564714 0 s 1 1 0 0.0
1576525564722 0 s 1 1 0 0.9
1576525564729 0 s 1 1 0 0.2
1576525564737 0 s 1 1 0 0.0
1576525564745 0 s 1 1 0 0.3
1576525564752 0 s 1 1 0 0.0
1576525564759 0 s 1 1 0 0.0
1576525564767 0 s 1 1 0 0.5
1576525564774 0 s 1 1 0 0.3
1576525564782 0 s 1 1 0 0.4
1576525564790 0 s 1 1 0 0.4
1576525564797 0 s 1 1 0 1.4
1576525564804 0 s 1 1 0 0.0
1576525564812 0 s 1 1 0 0.3
1576525564819 0 s 1 1 0 0.1
1576525564827 0 s 1 1 0 0.4
1576525564834 0 s 1 1 0 1.2
1576525564842 0 s 1 1 0 0.5
1576525564850 0 s 1 1 0 0.3
1576525564858 0 s 1 1 0 0.4
1576525564865 0 s 1 1 0 0.2
1576525564873 0 s 1 1 0 0.4
1576525564880 0 s 1 1 0 0.4
1576525564888 0 s 1 1 0 0.2
1576525564896 0 s 1 1 0 0.0
1576525564904 0 s 1 1 0 0.0
1576525564912 0 s 1 1 0 0.0
1576525564919 0 s 1 1 0 0.1
1576525564926 0 s 1 1 0 0.8
1576525564935 0 s 1 1 0 0.2
1576525564942 0 s 1 1 0 1.2
1576525564951 0 s 1 1 0 0.0
1576525564958 0 s 1 1 0 0.3
1576525564965 0 s 1 1 0 0.2
1576525564973 0 s 1 1 0 0.0
1576525564981 0 s 1 1 0 0.3
1576525564989 0 s 1 1 0 0.1
1576525564999 0 s 1 1 0 0.0
1576525565007 0 s 1 1 0 0.0
1576525565014 0 s 1 1 0 0.4
1576525565022 0 s 1 1 0 0.0
1576525565030 0 s 1 1 0 0.1
1576525565039 0 s 1 1 0 0.0
1576525565046 0 s 1 1 0 0.3
1576525565053 0 s 1 1 0 0.3
1576525565061 0 s 1 1 0 0.0
1576525565068 0 s 1 1 0 0.1
1576525565076 0 s 1 1 0 0.4
1576525565084 0 s 1 1 0 0.0
1576525565093 0 s 1 1 0 0.3
1576525565101 0 s 1 1 0 0.0
1576525565109 0 s 1 1 0 0.3
1576525565116 0 s 1 1 0 0.3
1576525565124 0 s 1 1 0 0.3
1576525565131 0 s 1 1 0 0.1
1576525565138 0 s 1 1 0 1.0
1576525565145 0 s 1 1 0 0.4
1576525565153 0 s 1 1 0 0.4
1576525565160 0 s 1 1 0 0.0
1576525565168 0 s 1 1 0 0.2
1576525565175 0 s 1 1 0 0.3
1576525565184 0 s 1 1 0 0.4
1576525565191 0 s 1 1 0 0.0
1576525565199 0 s 1 1 0 0.3
1576525565206 0 s 1 1 0 0.0
1576525565214 0 s 1 1 0 0.4
1576525565221 0 s 1 1 0 0.0
1576525565229 0 s 1 1 0 0.0
1576525565236 0 s 1 1 0 0.2
1576525565244 0 s 1 1 0 0.3
1576525565251 0 s 1 1 0 0.1
1576525565259 0 s 1 1 0 1.5
1576525565266 0 s 1 1 0 0.0
1576525565274 0 s 1 1 0 0.3
1576525565282 0 s 1 1 0 0.4
1576525565290 0 s 1 1 0 0.1
1576525565297 0 s 1 1 0 0.0
1576525565306 0 s 1 1 0 0.0
1576525565314 0 s 1 1 0 1.4
1576525565322 0 s 1 1 0 0.0
1576525565330 0 s 1 1 0 0.3
1576525565338 0 s 1 1 0 0.1
1576525565345 0 s 1 1 0 0.4
1576525565353 0 s 1 1 0 1.4
1576525565360 0 s 1 1 0 0.0
1576525565368 0 s 1 1 0 0.0
1576525565375 0 s 1 1 0 0.3
1576525565383 0 s 1 1 0 0.1
1576525565390 0 s 1 1 0 0.0
1576525565397 0 s 1 1 0 0.0
1576525565404 0 s 1 1 0 0.3
1576525565412 0 s 1 1 0 0.7
1576525565420 0 s 1 1 0 0.3
1576525565427 0 s 1 1 0 0.0
1576525565434 0 s 1 1 0 0.5
1576525565444 0 s 1 1 0 0.2
1576525565451 0 s 1 1 0 0.0
1576525565459 0 s 1 1 0 0.1
1576525565467 0 s 1 1 0 0.4
1576525565475 0 s 1 1 0 0.0
1576525565482 0 s 1 1 0 0.0
1576525565490 0 s 1 1 0 0.3
1576525565498 0 s 1 1 0 0.4
1576525565506 0 s 1 1 0 0.3
1576525565513 0 s 1 1 0 0.3
1576525565521 0 s 1 1 0 0.3
1576525565528 0 s 1 1 0 0.0
1576525565536 0 s 1 1 0 0.0
1576525565544 0 s 1 1 0 0.0
1576525565553 0 s 1 1 0 0.8
1576525565560 0 s 1 1 0 0.0
1576525565568 0 s 1 1 0 0.0
1576525565575 0 s 1 1 0 0.4
1576525565583 0 s 1 1 0 0.4
1576525565590 0 s 1 1 0 0.1
1576525565598 0 s 1 1 0 0.5
1576525565606 0 s 1 1 0 0.0
1576525565614 0 s 1 1 0 0.1
1576525565621 0 s 1 1 0 0.2
1576525565629 0 s 1 1 0 0.0
1576525565637 0 s 1 1 0 1.2
1576525565645 0 s 1 1 0 0.4
1576525565653 0 s 1 1 0 0.2
1576525565661 0 s 1 1 0 0.4
1576525565669 0 s 1 1 0 0.2
1576525565676 0 s 1 1 0 0.1
1576525565683 0 s 1 1 0 0.0
1576525565691 0 s 1 1 0 0.1
1576525565698 0 s 1 1 0 0.2
1576525565706 0 s 1 1 0 0.4
1576525565713 0 s 1 1 0 0.1
1576525565721 0 s 1 1 0 0.3
1576525565728 0 s 1 1 0 0.0
1576525565736 0 s 1 1 0 0.0
1576525565743 0 s 1 1 0 0.2
1576525565751 0 s 1 1 0 0.0
1576525565758 0 s 1 1 0 0.3
1576525565766 0 s 1 1 0 0.2
1576525565774 0 s 1 1 0 0.5
1576525565781 0 s 1 1 0 0.3
1576525565789 0 s 1 1 0 0.0
1576525565796 0 s 1 1 0 0.8
1576525565803 0 s 1 1 0 0.4
1576525565811 0 s 1 1 0 0.3
1576525565818 0 s 1 1 0 0.3
1576525565826 0 s 1 1 0 0.1
1576525565833 0 s 1 1 0 0.0
1576525565841 0 s 1 1 0 0.5
1576525565849 0 s 1 1 0 0.0
1576525565856 0 s 1 1 0 0.0
1576525565865 0 s 1 1 0 1.7
1576525565874 0 s 1 1 0 0.9
1576525565881 0 s 1 1 0 0.3
1576525565890 0 s 1 1 0 0.4
1576525565898 0 s 1 1 0 0.3
1576525565906 0 s 1 1 0 0.8
1576525565913 0 s 1 1 0 0.4
1576525565921 0 s 1 1 0 0.9
1576525565928 0 s 1 1 0 0.0
1576525565936 0 s 1 1 0 0.1
1576525565943 0 s 1 1 0 0.0
1576525565950 0 s 1 1 0 1.4
1576525565957 0 s 1 1 0 0.0
1576525565965 0 s 1 1 0 1.4
1576525565972 0 s 1 1 0 0.4
1576525565980 0 s 1 1 0 0.8
1576525565988 0 s 1 1 0 0.2
1576525565995 0 s 1 1 0 0.4
1576525566005 0 s 1 1 0 1.4
1576525566013 0 s 1 1 0 0.3
1576525566021 0 s 1 1 0 0.1
1576525566030 0 s 1 1 0 0.4
1576525566037 0 s 1 1 0 0.4
1576525566046 0 s 1 1 0 0.4
1576525566053 0 s 1 1 0 0.3
1576525566062 0 s 1 1 0 0.0
1576525566070 0 s 1 1 0 0.1
1576525566077 0 s 1 1 0 0.1
1576525566084 0 s 1 1 0 0.0
1576525566092 0 s 1 1 0 0.0
1576525566099 0 s 1 1 0 0.9
1576525566107 0 s 1 1 0 0.4
1576525566114 0 s 1 1 0 0.3
1576525566121 0 s 1 1 0 0.3
1576525566128 0 s 1 1 0 0.4
1576525566136 0 s 1 1 0 0.0
1576525566143 0 s 1 1 0 0.0
1576525566151 0 s 1 1 0 0.1
1576525566158 0 s 1 1 0 0.0
1576525566167 0 s 1 1 0 0.0
1576525566174 0 s 1 1 0 0.0
1576525566182 0 s 1 1 0 0.0
1576525566189 0 s 1 1 0 0.8
1576525566197 0 s 1 1 0 0.3
1576525566205 0 s 1 1 0 0.5
1576525566215 0 s 1 1 0 0.6
1576525566222 0 s 1 1 0 0.0
1576525566230 0 s 1 1 0 0.2
1576525566238 0 s 1 1 0 0.2
1576525566246 0 s 1 1 0 0.2
1576525566252 0 s 1 1 0 0.4
1576525566260 0 s 1 1 0 0.1
1576525566267 0 s 1 1 0 0.0
1576525566275 0 s 1 1 0 0.2
1576525566282 0 s 1 1 0 0.3
1576525566291 0 s 1 1 0 0.0
1576525566299 0 s 1 1 0 0.0
1576525566308 0 s 1 1 0 0.2
1576525566317 0 s 1 1 0 0.1
1576525566324 0 s 1 1 0 0.2
1576525566331 0 s 1 1 0 0.3
1576525566339 0 s 1 1 0 0.5
1576525566347 0 s 1 1 0 0.2
1576525566355 0 s 1 1 0 0.2
1576525566364 0 s 1 1 0 0.2
1576525566371 0 s 1 1 0 0.0
1576525566380 0 s 1 1 0 0.1
1576525566388 0 s 1 1 0 0.0
1576525566396 0 s 1 1 0 0.0
1576525566404 0 s 1 1 0 0.3
1576525566411 0 s 1 1 0 0.3
1576525566419 0 s 1 1 0 0.0
1576525566426 0 s 1 1 0 0.2
1576525566434 0 s 1 1 0 0.8
1576525566441 0 s 1 1 0 0.4
1576525566449 0 s 1 1 0 0.1
1576525566456 0 s 1 1 0 0.0
1576525566463 0 s 1 1 0 0.2
1576525566470 0 s 1 1 0 0.4
1576525566478 0 s 1 1 0 0.4
1576525566485 0 s 1 1 0 0.3
1576525566492 0 s 1 1 0 0.0
1576525566499 0 s 1 1 0 0.0
1576525566508 0 s 1 1 0 0.0
1576525566517 0 s 1 1 0 0.4
1576525566524 0 s 1 1 0 0.4
1576525566532 0 s 1 1 0 0.3
1576525566540 0 s 1 1 0 0.0
1576525566547 0 s 1 1 0 0.2
1576525566556 0 s 1 1 0 0.1
1576525566564 0 s 1 1 0 0.0
1576525566571 0 s 1 1 0 0.0
1576525566579 0 s 1 1 0 0.3
1576525566587 0 s 1 1 0 0.3
1576525566594 0 s 1 1 0 0.2
1576525566602 0 s 1 1 0 0.3
1576525566609 0 s 1 1 0 0.0
1576525566617 0 s 1 1 0 0.4
1576525566624 0 s 1 1 0 0.0
1576525566632 0 s 1 1 0 0.4
1576525566639 0 s 1 1 0 0.3
1576525566647 0 s 1 1 0 0.3
1576525566654 0 s 1 1 0 0.0
1576525566662 0 s 1 1 0 0.6
1576525566669 0 s 1 1 0 0.0
1576525566677 0 s 1 1 0 0.0
1576525566684 0 s 1 1 0 0.1
1576525566692 0 s 1 1 0 0.4
1576525566699 0 s 1 1 0 0.0
1576525566707 0 s 1 1 0 0.1
1576525566714 0 s 1 1 0 0.4
1576525566722 0 s 1 1 0 0.0
1576525566729 0 s 1 1 0 0.0
1576525566737 0 s 1 1 0 0.4
1576525566744 0 s 1 1 0 0.2
1576525566752 0 s 1 1 0 0.1
1576525566759 0 s 1 1 0 0.0
1576525566768 0 s 1 1 0 0.3
1576525566776 0 s 1 1 0 0.0
1576525566784 0 s 1 1 0 0.1
1576525566793 0 s 1 1 0 0.2
1576525566800 0 s 1 1 0 0.0
1576525566809 0 s 1 1 0 0.6
1576525566818 0 s 1 1 0 0.0
1576525566825 0 s 1 1 0 0.0
1576525566833 0 s 1 1 0 0.0
1576525566840 0 s 1 1 0 0.0
1576525566847 0 s 1 1 0 0.0
1576525566856 0 s 1 1 0 0.4
1576525566865 0 s 1 1 0 0.9
1576525566872 0 s 1 1 0 0.0
1576525566880 0 s 1 1 0 0.7
1576525566887 0 s 1 1 0 2.5
1576525566894 0 s 1 1 0 0.0
1576525566901 0 s 1 1 0 0.1
1576525566909 0 s 1 1 0 0.4
1576525566916 0 s 1 1 0 0.1
1576525566924 0 s 1 1 0 0.1
1576525566931 0 s 1 1 0 0.4
1576525566939 0 s 1 1 0 0.4
1576525566946 0 s 1 1 0 1.2
1576525566954 0 s 1 1 0 1.2
1576525566962 0 s 1 1 0 0.0
1576525566970 0 s 1 1 0 0.2
1576525566977 0 s 1 1 0 0.3
1576525566985 0 s 1 1 0 0.0
1576525566992 0 s 1 1 0 0.3
1576525567000 0 s 1 1 0 0.3
1576525567008 0 s 1 1 0 0.5
1576525567016 0 s 1 1 0 1.1
1576525567025 0 s 1 1 0 0.0
1576525567032 0 s 1 1 0 0.0
1576525567039 0 s 1 1 0 0.4
1576525567047 0 s 1 1 0 0.0
1576525567055 0 s 1 1 0 0.3
1576525567063 0 s 1 1 0 0.1
1576525567071 0 s 1 1 0 0.0
1576525567079 0 s 1 1 0 1.1
1576525567086 0 s 1 1 0 0.2
1576525567094 0 s 1 1 0 0.0
1576525567101 0 s 1 1 0 0.3
1576525567109 0 s 1 1 0 0.0
1576525567116 0 s 1 1 0 0.1
1576525567123 0 s 1 1 0 0.0
1576525567131 0 s 1 1 0 0.3
1576525567138 0 s 1 1 0 0.2
1576525567145 0 s 1 1 0 1.0
1576525567153 0 s 1 1 0 0.4
1576525567161 0 s 1 1 0 0.3
1576525567168 0 s 1 1 0 1.3
1576525567175 0 s 1 1 0 0.3
1576525567183 0 s 1 1 0 0.0
1576525567190 0 s 1 1 0 0.3
1576525567198 0 s 1 1 0 0.1
1576525567205 0 s 1 1 0 0.0
1576525567213 0 s 1 1 0 0.1
1576525567220 0 s 1 1 0 0.8
1576525567228 0 s 1 1 0 0.7
1576525567235 0 s 1 1 0 0.1
1576525567243 0 s 1 1 0 0.3
1576525567250 0 s 1 1 0 0.1
1576525567257 0 s 1 1 0 0.4
1576525567264 0 s 1 1 0 0.0
1576525567272 0 s 1 1 0 1.4
1576525567279 0 s 1 1 0 0.0
1576525567287 0 s 1 1 0 0.1
1576525567294 0 s 1 1 0 0.4
1576525567302 0 s 1 1 0 0.0
1576525567309 0 s 1 1 0 0.0
1576525567317 0 s 1 1 0 0.0
1576525567324 0 s 1 1 0 0.0
1576525567332 0 s 1 1 0 0.0
1576525567339 0 s 1 1 0 0.0
1576525567348 0 s 1 1 0 0.4
1576525567355 0 s 1 1 0 0.0
1576525567363 0 s 1 1 0 1.2
1576525567370 0 s 1 1 0 0.3
1576525567377 0 s 1 1 0 0.3
1576525567385 0 s 1 1 0 0.4
1576525567392 0 s 1 1 0 0.3
1576525567399 0 s 1 1 0 0.0
1576525567407 0 s 1 1 0 0.2
1576525567414 0 s 1 1 0 0.0
1576525567422 0 s 1 1 0 0.4
1576525567431 0 s 1 1 0 0.3
1576525567440 0 s 1 1 0 0.3
1576525567447 0 s 1 1 0 1.4
1576525567455 0 s 1 1 0 0.0
1576525567462 0 s 1 1 0 0.1
1576525567470 0 s 1 1 0 1.2
1576525567477 0 s 1 1 0 1.2
1576525567485 0 s 1 1 0 0.3
1576525567492 0 s 1 1 0 0.0
1576525567500 0 s 1 1 0 0.1
1576525567509 0 s 1 1 0 0.2
1576525567517 0 s 1 1 0 0.0
1576525567525 0 s 1 1 0 0.4
1576525567533 0 s 1 1 0 0.0
1576525567541 0 s 1 1 0 0.0
1576525567549 0 s 1 1 0 0.0
1576525567556 0 s 1 1 0 0.0
1576525567564 0 s 1 1 0 0.3
1576525567571 0 s 1 1 0 0.1
1576525567579 0 s 1 1 0 0.1
1576525567586 0 s 1 1 0 0.0
1576525567594 0 s 1 1 0 0.0
1576525567601 0 s 1 1 0 0.2
1576525567609 0 s 1 1 0 0.3
1576525567616 0 s 1 1 0 0.0
1576525567624 0 s 1 1 0 0.0
1576525567631 0 s 1 1 0 0.3
1576525567638 0 s 1 1 0 0.1
1576525567645 0 s 1 1 0 0.1
1576525567653 0 s 1 1 0 0.1
1576525567660 0 s 1 1 0 0.0
1576525567668 0 s 1 1 0 0.3
1576525567675 0 s 1 1 0 0.0
1576525567683 0 s 1 1 0 0.4
1576525567690 0 s 1 1 0 0.0
1576525567698 0 s 1 1 0 0.1
1576525567706 0 s 1 1 0 0.1
1576525567714 0 s 1 1 0 0.0
1576525567721 0 s 1 1 0 0.0
1576525567729 0 s 1 1 0 0.4
1576525567736 0 s 1 1 0 0.2
1576525567744 0 s 1 1 0 0.3
1576525567752 0 s 1 1 0 0.2
1576525567760 0 s 1 1 0 0.0
1576525567767 0 s 1 1 0 0.2
1576525567775 0 s 1 1 0 0.1
1576525567782 0 s 1 1 0 0.3
1576525567790 0 s 1 1 0 0.1
1576525567797 0 s 1 1 0 0.0
1576525567805 0 s 1 1 0 0.7
1576525567813 0 s 1 1 0 0.3
1576525567820 0 s 1 1 0 0.4
1576525567827 0 s 1 1 0 0.4
1576525567835 0 s 1 1 0 0.0
1576525567843 0 s 1 1 0 0.0
1576525567851 0 s 1 1 0 0.3
1576525567858 0 s 1 1 0 0.4
1576525567866 0 s 1 1 0 1.1
1576525567874 0 s 1 1 0 0.1
1576525567881 0 s 1 1 0 0.0
1576525567888 0 s 1 1 0 0.0
1576525567895 0 s 1 1 0 0.0
1576525567902 0 s 1 1 0 0.1
1576525567910 0 s 1 1 0 0.3
1576525567917 0 s 1 1 0 0.1
1576525567925 0 s 1 1 0 0.0
1576525567932 0 s 1 1 0 0.0
1576525567940 0 s 1 1 0 0.4
1576525567948 0 s 1 1 0 0.3
1576525567957 0 s 1 1 0 0.3
1576525567965 0 s 1 1 0 0.3
1576525567973 0 s 1 1 0 0.3
1576525567980 0 s 1 1 0 0.4
1576525567988 0 s 1 1 0 0.0
1576525567996 0 s 1 1 0 0.1
1576525568003 0 s 1 1 0 0.3
1576525568012 0 s 1 1 0 0.4
1576525568021 0 s 1 1 0 1.3
1576525568029 0 s 1 1 0 0.1
1576525568037 0 s 1 1 0 0.0
1576525568045 0 s 1 1 0 0.2
1576525568056 0 s 1 1 0 0.3
1576525568063 0 s 1 1 0 0.1
1576525568072 0 s 1 1 0 0.0
1576525568080 0 s 1 1 0 0.0
1576525568087 0 s 1 1 0 0.0
1576525568094 0 s 1 1 0 0.4
1576525568102 0 s 1 1 0 0.2
1576525568109 0 s 1 1 0 0.0
1576525568117 0 s 1 1 0 0.8
1576525568125 0 s 1 1 0 0.4
1576525568134 0 s 1 1 0 0.1
1576525568141 0 s 1 1 0 0.0
1576525568150 0 s 1 1 0 0.0
1576525568158 0 s 1 1 0 0.2
1576525568166 0 s 1 1 0 0.7
1576525568173 0 s 1 1 0 0.0
1576525568181 0 s 1 1 0 0.0
1576525568188 0 s 1 1 0 0.4
1576525568197 0 s 1 1 0 0.0
1576525568205 0 s 1 1 0 0.0
1576525568213 0 s 1 1 0 0.3
1576525568220 0 s 1 1 0 0.0
1576525568228 0 s 1 1 0 0.3
1576525568235 0 s 1 1 0 0.0
1576525568243 0 s 1 1 0 0.2
1576525568250 0 s 1 1 0 0.3
1576525568258 0 s 1 1 0 0.0
1576525568265 0 s 1 1 0 0.3
1576525568273 0 s 1 1 0 0.3
1576525568280 0 s 1 1 0 0.5
1576525568288 0 s 1 1 0 0.0
1576525568295 0 s 1 1 0 0.0
1576525568303 0 s 1 1 0 0.3
1576525568310 0 s 1 1 0 0.2
1576525568318 0 s 1 1 0 0.0
1576525568325 0 s 1 1 0 0.1
1576525568333 0 s 1 1 0 0.4
1576525568340 0 s 1 1 0 0.3
1576525568347 0 s 1 1 0 0.1
1576525568354 0 s 1 1 0 0.1
1576525568362 0 s 1 1 0 0.3
1576525568370 0 s 1 1 0 0.4
1576525568379 0 s 1 1 0 0.0
1576525568386 0 s 1 1 0 0.0
1576525568393 0 s 1 1 0 0.2
1576525568400 0 s 1 1 0 0.4
1576525568408 0 s 1 1 0 0.1
1576525568415 0 s 1 1 0 0.1
1576525568423 0 s 1 1 0 0.0
1576525568430 0 s 1 1 0 0.7
1576525568438 0 s 1 1 0 0.5
1576525568445 0 s 1 1 0 0.5
1576525568453 0 s 1 1 0 0.2
1576525568460 0 s 1 1 0 0.3
1576525568468 0 s 1 1 0 0.1
1576525568476 0 s 1 1 0 0.1
1576525568484 0 s 1 1 0 0.0
1576525568491 0 s 1 1 0 0.4
1576525568499 0 s 1 1 0 0.2
1576525568506 0 s 1 1 0 0.4
1576525568515 0 s 1 1 0 0.1
1576525568522 0 s 1 1 0 0.0
1576525568530 0 s 1 1 0 0.0
1576525568537 0 s 1 1 0 0.2
1576525568545 0 s 1 1 0 0.5
1576525568553 0 s 1 1 0 0.4
1576525568562 0 s 1 1 0 0.3
1576525568569 0 s 1 1 0 0.0
1576525568578 0 s 1 1 0 0.5
1576525568585 0 s 1 1 0 0.4
1576525568593 0 s 1 1 0 0.0
1576525568601 0 s 1 1 0 0.0
1576525568609 0 s 1 1 0 0.3
1576525568617 0 s 1 1 0 0.7
1576525568625 0 s 1 1 0 0.3
1576525568633 0 s 1 1 0 0.0
1576525568642 0 s 1 1 0 0.5
1576525568649 0 s 1 1 0 0.0
1576525568658 0 s 1 1 0 0.5
1576525568666 0 s 1 1 0 0.1
1576525568674 0 s 1 1 0 0.1
1576525568682 0 s 1 1 0 0.0
1576525568690 0 s 1 1 0 0.0
1576525568698 0 s 1 1 0 0.0
1576525568706 0 s 1 1 0 0.1
1576525568713 0 s 1 1 0 0.2
1576525568721 0 s 1 1 0 0.3
1576525568728 0 s 1 1 0 0.3
1576525568735 0 s 1 1 0 0.0
1576525568742 0 s 1 1 0 0.0
1576525568750 0 s 1 1 0 0.4
1576525568757 0 s 1 1 0 0.0
1576525568764 0 s 1 1 0 0.0
1576525568771 0 s 1 1 0 0.4
1576525568779 0 s 1 1 0 0.1
1576525568786 0 s 1 1 0 0.0
1576525568794 0 s 1 1 0 0.3
1576525568801 0 s 1 1 0 0.4
1576525568809 0 s 1 1 0 0.4
1576525568816 0 s 1 1 0 0.3
1576525568824 0 s 1 1 0 0.1
1576525568832 0 s 1 1 0 0.4
1576525568840 0 s 1 1 0 0.0
1576525568847 0 s 1 1 0 0.4
1576525568855 0 s 1 1 0 0.0
1576525568862 0 s 1 1 0 0.0
1576525568870 0 s 1 1 0 0.0
1576525568877 0 s 1 1 0 0.3
1576525568885 0 s 1 1 0 0.0
1576525568892 0 s 1 1 0 0.0
1576525568901 0 s 1 1 0 0.3
1576525568909 0 s 1 1 0 0.0
1576525568917 0 s 1 1 0 0.0
1576525568924 0 s 1 1 0 0.0
1576525568932 0 s 1 1 0 0.4
1576525568939 0 s 1 1 0 0.3
1576525568947 0 s 1 1 0 0.3
1576525568954 0 s 1 1 0 0.0
1576525568962 0 s 1 1 0 0.0
1576525568971 0 s 1 1 0 0.4
1576525568978 0 s 1 1 0 0.1
1576525568985 0 s 1 1 0 0.4
1576525568993 0 s 1 1 0 0.0
1576525569000 0 s 1 1 0 0.4
1576525569008 0 s 1 1 0 0.2
1576525569016 0 s 1 1 0 0.3
1576525569024 0 s 1 1 0 0.2
1576525569032 0 s 1 1 0 0.3
1576525569039 0 s 1 1 0 0.3
1576525569046 0 s 1 1 0 0.3
1576525569054 0 s 1 1 0 0.2
1576525569062 0 s 1 1 0 0.5
1576525569070 0 s 1 1 0 0.0
1576525569077 0 s 1 1 0 0.3
1576525569085 0 s 1 1 0 0.0
1576525569092 0 s 1 1 0 0.2
1576525569100 0 s 1 1 0 0.3
1576525569107 0 s 1 1 0 0.0
1576525569115 0 s 1 1 0 0.3
1576525569122 0 s 1 1 0 0.3
1576525569130 0 s 1 1 0 0.1
1576525569137 0 s 1 1 0 0.0
1576525569145 0 s 1 1 0 0.3
1576525569152 0 s 1 1 0 0.0
1576525569160 0 s 1 1 0 0.0
1576525569167 0 s 1 1 0 0.3
1576525569175 0 s 1 1 0 0.0
1576525569182 0 s 1 1 0 0.2
1576525569190 0 s 1 1 0 0.1
1576525569197 0 s 1 1 0 0.5
1576525569205 0 s 1 1 0 0.8
1576525569213 0 s 1 1 0 0.0
1576525569222 0 s 1 1 0 1.1
1576525569229 0 s 1 1 0 0.0
1576525569237 0 s 1 1 0 0.2
1576525569244 0 s 1 1 0 0.2
1576525569252 0 s 1 1 0 0.4
1576525569259 0 s 1 1 0 0.0
1576525569268 0 s 1 1 0 0.0
1576525569276 0 s 1 1 0 0.3
1576525569285 0 s 1 1 0 0.9
1576525569292 0 s 1 1 0 0.1
1576525569300 0 s 1 1 0 0.3
1576525569307 0 s 1 1 0 0.3
1576525569315 0 s 1 1 0 0.5
1576525569322 0 s 1 1 0 0.1
1576525569330 0 s 1 1 0 0.3
1576525569337 0 s 1 1 0 0.3
1576525569345 0 s 1 1 0 0.0
1576525569352 0 s 1 1 0 0.2
1576525569359 0 s 1 1 0 0.0
1576525569366 0 s 1 1 0 1.0
1576525569375 0 s 1 1 0 0.1
1576525569382 0 s 1 1 0 1.1
1576525569391 0 s 1 1 0 0.0
1576525569398 0 s 1 1 0 0.0
1576525569406 0 s 1 1 0 0.0
1576525569414 0 s 1 1 0 0.3
1576525569421 0 s 1 1 0 1.2
1576525569428 0 s 1 1 0 0.2
1576525569436 0 s 1 1 0 0.0
1576525569443 0 s 1 1 0 0.0
1576525569451 0 s 1 1 0 0.0
1576525569459 0 s 1 1 0 0.1
1576525569466 0 s 1 1 0 0.5
1576525569473 0 s 1 1 0 1.0
1576525569481 0 s 1 1 0 0.0
1576525569488 0 s 1 1 0 0.3
1576525569496 0 s 1 1 0 0.0
1576525569503 0 s 1 1 0 0.0
1576525569511 0 s 1 1 0 0.0
1576525569519 0 s 1 1 0 0.1
1576525569526 0 s 1 1 0 0.0
1576525569533 0 s 1 1 0 0.1
1576525569541 0 s 1 1 0 0.1
1576525569549 0 s 1 1 0 0.2
1576525569557 0 s 1 1 0 0.4
1576525569566 0 s 1 1 0 0.1
1576525569573 0 s 1 1 0 0.4
1576525569580 0 s 1 1 0 0.3
1576525569588 0 s 1 1 0 0.5
1576525569595 0 s 1 1 0 0.1
1576525569603 0 s 1 1 0 0.0
1576525569610 0 s 1 1 0 0.2
1576525569618 0 s 1 1 0 0.2
1576525569625 0 s 1 1 0 0.1
1576525569633 0 s 1 1 0 0.1
1576525569642 0 s 1 1 0 0.2
1576525569649 0 s 1 1 0 0.4
1576525569656 0 s 1 1 0 0.3
1576525569665 0 s 1 1 0 0.4
1576525569673 0 s 1 1 0 0.2
1576525569680 0 s 1 1 0 0.1
1576525569689 0 s 1 1 0 0.3
1576525569696 0 s 1 1 0 0.0
1576525569703 0 s 1 1 0 0.0
1576525569711 0 s 1 1 0 0.8
1576525569718 0 s 1 1 0 0.2
1576525569725 0 s 1 1 0 0.3
1576525569732 0 s 1 1 0 0.1
1576525569740 0 s 1 1 0 0.0
1576525569747 0 s 1 1 0 0.0
1576525569755 0 s 1 1 0 0.3
1576525569762 0 s 1 1 0 0.4
1576525569770 0 s 1 1 0 0.3
1576525569777 0 s 1 1 0 0.0
1576525569784 0 s 1 1 0 0.1
1576525569791 0 s 1 1 0 0.0
1576525569799 0 s 1 1 0 0.4
1576525569807 0 s 1 1 0 0.0
1576525569814 0 s 1 1 0 0.0
1576525569821 0 s 1 1 0 0.5
1576525569829 0 s 1 1 0 0.3
1576525569836 0 s 1 1 0 0.3
1576525569843 0 s 1 1 0 0.2
1576525569850 0 s 1 1 0 0.3
