time trial serPNS triggered inRewardWin z_poi
1576115689446 0 s 1 1 0 0.0
1576115689503 0 s 1 1 0 0.3
1576115689521 0 s 1 1 0 0.4
1576115689531 0 s 1 1 0 0.1
1576115689539 0 s 1 1 0 0.0
1576115689546 0 s 1 1 0 0.4
1576115689555 0 s 1 1 0 0.0
1576115689562 0 s 1 1 0 0.3
1576115689570 0 s 1 1 0 0.4
1576115689577 0 s 1 1 0 0.3
1576115689585 0 s 1 1 0 0.2
1576115689591 0 s 1 1 0 0.9
1576115689600 0 s 1 1 0 0.3
1576115689606 0 s 1 1 0 0.3
1576115689615 0 s 1 1 0 0.4
1576115689622 0 s 1 1 0 0.0
1576115689630 0 s 1 1 0 0.1
1576115689637 0 s 1 1 0 0.0
1576115689645 0 s 1 1 0 0.0
1576115689652 0 s 1 1 0 0.1
1576115689660 0 s 1 1 0 0.1
1576115689667 0 s 1 1 0 0.0
1576115689675 0 s 1 1 0 0.3
1576115689682 0 s 1 1 0 0.4
1576115689690 0 s 1 1 0 0.5
1576115689697 0 s 1 1 0 0.1
1576115689705 0 s 1 1 0 0.1
1576115689713 0 s 1 1 0 0.0
1576115689721 0 s 1 1 0 0.7
1576115689728 0 s 1 1 0 0.0
1576115689735 0 s 1 1 0 0.3
1576115689742 0 s 1 1 0 0.3
1576115689750 0 s 1 1 0 0.9
1576115689757 0 s 1 1 0 0.2
1576115689765 0 s 1 1 0 0.4
1576115689772 0 s 1 1 0 0.3
1576115689781 0 s 1 1 0 0.0
1576115689788 0 s 1 1 0 0.0
1576115689795 0 s 1 1 0 0.3
1576115689802 0 s 1 1 0 0.4
1576115689810 0 s 1 1 0 0.0
1576115689818 0 s 1 1 0 0.3
1576115689826 0 s 1 1 0 0.2
1576115689833 0 s 1 1 0 0.2
1576115689841 0 s 1 1 0 0.3
1576115689848 0 s 1 1 0 0.0
1576115689856 0 s 1 1 0 0.2
1576115689863 0 s 1 1 0 0.3
1576115689871 0 s 1 1 0 0.1
1576115689878 0 s 1 1 0 0.3
1576115689886 0 s 1 1 0 0.4
1576115689893 0 s 1 1 0 0.0
1576115689901 0 s 1 1 0 0.2
1576115689908 0 s 1 1 0 0.1
1576115689916 0 s 1 1 0 0.3
1576115689922 0 s 1 1 0 0.3
1576115689930 0 s 1 1 0 0.0
1576115689937 0 s 1 1 0 0.1
1576115689945 0 s 1 1 0 0.0
1576115689953 0 s 1 1 0 0.0
1576115689962 0 s 1 1 0 0.3
1576115689970 0 s 1 1 0 0.3
1576115689979 0 s 1 1 0 0.3
1576115689987 0 s 1 1 0 0.3
1576115689996 0 s 1 1 0 0.0
1576115690004 0 s 1 1 0 0.4
1576115690013 0 s 1 1 0 0.2
1576115690021 0 s 1 1 0 0.3
1576115690042 0 s 1 1 0 0.0
1576115690059 0 s 1 1 0 0.0
1576115690067 0 s 1 1 0 0.0
1576115690076 0 s 1 1 0 0.0
1576115690085 0 s 1 1 0 0.0
1576115690093 0 s 1 1 0 0.0
1576115690100 0 s 1 1 0 0.0
1576115690108 0 s 1 1 0 0.2
1576115690116 0 s 1 1 0 0.2
1576115690126 0 s 1 1 0 0.0
1576115690134 0 s 1 1 0 0.1
1576115690141 0 s 1 1 0 0.0
1576115690148 0 s 1 1 0 0.1
1576115690157 0 s 1 1 0 0.4
1576115690165 0 s 1 1 0 0.1
1576115690173 0 s 1 1 0 0.2
1576115690181 0 s 1 1 0 0.1
1576115690189 0 s 1 1 0 0.5
1576115690197 0 s 1 1 0 0.3
1576115690204 0 s 1 1 0 0.4
1576115690212 0 s 1 1 0 0.0
1576115690220 0 s 1 1 0 0.0
1576115690228 0 s 1 1 0 0.1
1576115690235 0 s 1 1 0 0.0
1576115690243 0 s 1 1 0 0.0
1576115690250 0 s 1 1 0 1.1
1576115690258 0 s 1 1 0 0.3
1576115690265 0 s 1 1 0 0.3
1576115690273 0 s 1 1 0 0.0
1576115690280 0 s 1 1 0 0.6
1576115690287 0 s 1 1 0 0.7
1576115690295 0 s 1 1 0 0.3
1576115690303 0 s 1 1 0 0.4
1576115690310 0 s 1 1 0 0.3
1576115690318 0 s 1 1 0 0.6
1576115690326 0 s 1 1 0 0.1
1576115690334 0 s 1 1 0 0.0
1576115690341 0 s 1 1 0 0.0
1576115690349 0 s 1 1 0 0.3
1576115690356 0 s 1 1 0 0.0
1576115690363 0 s 1 1 0 0.4
1576115690371 0 s 1 1 0 0.3
1576115690378 0 s 1 1 0 0.1
1576115690385 0 s 1 1 0 0.3
1576115690393 0 s 1 1 0 0.4
1576115690400 0 s 1 1 0 0.1
1576115690408 0 s 1 1 0 0.3
1576115690415 0 s 1 1 0 0.4
1576115690423 0 s 1 1 0 0.1
1576115690430 0 s 1 1 0 0.1
1576115690438 0 s 1 1 0 1.4
1576115690445 0 s 1 1 0 0.0
1576115690453 0 s 1 1 0 0.6
1576115690460 0 s 1 1 0 0.1
1576115690468 0 s 1 1 0 0.1
1576115690476 0 s 1 1 0 0.4
1576115690484 0 s 1 1 0 0.3
1576115690491 0 s 1 1 0 0.0
1576115690499 0 s 1 1 0 0.0
1576115690506 0 s 1 1 0 0.0
1576115690514 0 s 1 1 0 0.0
1576115690521 0 s 1 1 0 0.3
1576115690529 0 s 1 1 0 0.5
1576115690536 0 s 1 1 0 0.0
1576115690544 0 s 1 1 0 1.7
1576115690551 0 s 1 1 0 0.0
1576115690559 0 s 1 1 0 0.0
1576115690566 0 s 1 1 0 0.0
1576115690573 0 s 1 1 0 0.2
1576115690581 0 s 1 1 0 0.4
1576115690589 0 s 1 1 0 0.4
1576115690596 0 s 1 1 0 0.4
1576115690604 0 s 1 1 0 0.3
1576115690611 0 s 1 1 0 0.0
1576115690619 0 s 1 1 0 0.3
1576115690626 0 s 1 1 0 0.0
1576115690634 0 s 1 1 0 0.4
1576115690641 0 s 1 1 0 0.4
1576115690649 0 s 1 1 0 0.4
1576115690656 0 s 1 1 0 0.8
1576115690664 0 s 1 1 0 0.3
1576115690671 0 s 1 1 0 0.0
1576115690679 0 s 1 1 0 0.1
1576115690686 0 s 1 1 0 0.0
1576115690694 0 s 1 1 0 0.3
1576115690701 0 s 1 1 0 0.1
1576115690709 0 s 1 1 0 0.2
1576115690716 0 s 1 1 0 0.0
1576115690724 0 s 1 1 0 0.2
1576115690732 0 s 1 1 0 0.1
1576115690740 0 s 1 1 0 0.1
1576115690747 0 s 1 1 0 0.6
1576115690755 0 s 1 1 0 0.4
1576115690763 0 s 1 1 0 0.4
1576115690771 0 s 1 1 0 0.0
1576115690778 0 s 1 1 0 0.2
1576115690786 0 s 1 1 0 0.0
1576115690793 0 s 1 1 0 0.3
1576115690801 0 s 1 1 0 0.0
1576115690808 0 s 1 1 0 1.4
1576115690816 0 s 1 1 0 0.1
1576115690823 0 s 1 1 0 0.3
1576115690832 0 s 1 1 0 0.0
1576115690839 0 s 1 1 0 0.4
1576115690846 0 s 1 1 0 0.5
1576115690853 0 s 1 1 0 0.5
1576115690862 0 s 1 1 0 0.2
1576115690869 0 s 1 1 0 0.2
1576115690877 0 s 1 1 0 0.1
1576115690884 0 s 1 1 0 0.4
1576115690891 0 s 1 1 0 0.4
1576115690898 0 s 1 1 0 0.3
1576115690906 0 s 1 1 0 0.3
1576115690912 0 s 1 1 0 1.1
1576115690920 0 s 1 1 0 0.0
1576115690928 0 s 1 1 0 1.3
1576115690936 0 s 1 1 0 0.4
1576115690943 0 s 1 1 0 0.2
1576115690951 0 s 1 1 0 0.1
1576115690958 0 s 1 1 0 0.2
1576115690966 0 s 1 1 0 0.0
1576115690973 0 s 1 1 0 0.1
1576115690982 0 s 1 1 0 0.3
1576115690989 0 s 1 1 0 0.1
1576115690996 0 s 1 1 0 0.3
1576115691005 0 s 1 1 0 0.2
1576115691013 0 s 1 1 0 0.2
1576115691020 0 s 1 1 0 0.2
1576115691030 0 s 1 1 0 0.4
1576115691038 0 s 1 1 0 0.1
1576115691047 0 s 1 1 0 0.3
1576115691054 0 s 1 1 0 0.3
1576115691062 0 s 1 1 0 0.3
1576115691070 0 s 1 1 0 0.0
1576115691078 0 s 1 1 0 0.0
1576115691085 0 s 1 1 0 0.3
1576115691093 0 s 1 1 0 0.1
1576115691100 0 s 1 1 0 0.0
1576115691108 0 s 1 1 0 0.0
1576115691115 0 s 1 1 0 1.3
1576115691123 0 s 1 1 0 0.4
1576115691130 0 s 1 1 0 0.4
1576115691138 0 s 1 1 0 0.2
1576115691145 0 s 1 1 0 0.4
1576115691153 0 s 1 1 0 0.0
1576115691160 0 s 1 1 0 0.3
1576115691168 0 s 1 1 0 0.0
1576115691175 0 s 1 1 0 0.6
1576115691183 0 s 1 1 0 0.2
1576115691190 0 s 1 1 0 0.2
1576115691198 0 s 1 1 0 0.0
1576115691205 0 s 1 1 0 0.3
1576115691213 0 s 1 1 0 0.0
1576115691220 0 s 1 1 0 0.2
1576115691228 0 s 1 1 0 0.3
1576115691235 0 s 1 1 0 0.1
1576115691243 0 s 1 1 0 1.3
1576115691250 0 s 1 1 0 0.1
1576115691258 0 s 1 1 0 0.6
1576115691266 0 s 1 1 0 0.0
1576115691274 0 s 1 1 0 0.5
1576115691281 0 s 1 1 0 0.7
1576115691289 0 s 1 1 0 0.8
1576115691298 0 s 1 1 0 0.7
1576115691309 0 s 1 1 0 0.2
1576115691317 0 s 1 1 0 0.1
1576115691325 0 s 1 1 0 0.0
1576115691333 0 s 1 1 0 0.0
1576115691341 0 s 1 1 0 0.0
1576115691348 0 s 1 1 0 0.2
1576115691356 0 s 1 1 0 0.3
1576115691363 0 s 1 1 0 0.3
1576115691371 0 s 1 1 0 0.5
1576115691378 0 s 1 1 0 0.0
1576115691386 0 s 1 1 0 0.0
1576115691393 0 s 1 1 0 0.3
1576115691401 0 s 1 1 0 0.0
1576115691408 0 s 1 1 0 0.4
1576115691416 0 s 1 1 0 0.1
1576115691423 0 s 1 1 0 0.3
1576115691431 0 s 1 1 0 0.0
1576115691438 0 s 1 1 0 0.3
1576115691446 0 s 1 1 0 0.0
1576115691453 0 s 1 1 0 0.1
1576115691461 0 s 1 1 0 0.3
1576115691468 0 s 1 1 0 0.2
1576115691476 0 s 1 1 0 0.1
1576115691483 0 s 1 1 0 0.3
1576115691491 0 s 1 1 0 0.3
1576115691498 0 s 1 1 0 0.3
1576115691506 0 s 1 1 0 0.2
1576115691513 0 s 1 1 0 0.0
1576115691521 0 s 1 1 0 0.0
1576115691528 0 s 1 1 0 0.1
1576115691536 0 s 1 1 0 0.0
1576115691543 0 s 1 1 0 0.0
1576115691551 0 s 1 1 0 0.8
1576115691558 0 s 1 1 0 0.0
1576115691566 0 s 1 1 0 0.3
1576115691573 0 s 1 1 0 0.0
1576115691581 0 s 1 1 0 0.4
1576115691588 0 s 1 1 0 0.0
1576115691596 0 s 1 1 0 0.1
1576115691603 0 s 1 1 0 0.1
1576115691611 0 s 1 1 0 0.0
1576115691618 0 s 1 1 0 0.0
1576115691626 0 s 1 1 0 0.0
1576115691633 0 s 1 1 0 0.3
1576115691641 0 s 1 1 0 0.3
1576115691648 0 s 1 1 0 0.9
1576115691656 0 s 1 1 0 0.2
1576115691664 0 s 1 1 0 0.2
1576115691672 0 s 1 1 0 0.4
1576115691679 0 s 1 1 0 0.0
1576115691687 0 s 1 1 0 0.4
1576115691694 0 s 1 1 0 0.2
1576115691702 0 s 1 1 0 0.0
1576115691709 0 s 1 1 0 0.2
1576115691717 0 s 1 1 0 0.1
1576115691724 0 s 1 1 0 0.4
1576115691732 0 s 1 1 0 0.3
1576115691739 0 s 1 1 0 0.4
1576115691747 0 s 1 1 0 0.0
1576115691754 0 s 1 1 0 0.0
1576115691762 0 s 1 1 0 0.1
1576115691769 0 s 1 1 0 0.1
1576115691777 0 s 1 1 0 1.0
1576115691784 0 s 1 1 0 0.0
1576115691792 0 s 1 1 0 0.0
1576115691799 0 s 1 1 0 0.1
1576115691807 0 s 1 1 0 0.1
1576115691814 0 s 1 1 0 0.0
1576115691822 0 s 1 1 0 0.3
1576115691829 0 s 1 1 0 0.1
1576115691838 0 s 1 1 0 0.1
1576115691845 0 s 1 1 0 0.0
1576115691853 0 s 1 1 0 0.2
1576115691860 0 s 1 1 0 0.0
1576115691869 0 s 1 1 0 0.4
1576115691876 0 s 1 1 0 0.0
1576115691884 0 s 1 1 0 0.0
1576115691891 0 s 1 1 0 0.3
1576115691899 0 s 1 1 0 0.4
1576115691906 0 s 1 1 0 0.0
1576115691914 0 s 1 1 0 0.1
1576115691921 0 s 1 1 0 0.1
1576115691928 0 s 1 1 0 0.1
1576115691937 0 s 1 1 0 0.3
1576115691944 0 s 1 1 0 0.4
1576115691953 0 s 1 1 0 0.1
1576115691960 0 s 1 1 0 0.1
1576115691969 0 s 1 1 0 0.2
1576115691976 0 s 1 1 0 0.0
1576115691984 0 s 1 1 0 0.8
1576115691993 0 s 1 1 0 0.3
1576115692000 0 s 1 1 0 0.0
1576115692008 0 s 1 1 0 0.3
1576115692015 0 s 1 1 0 0.3
1576115692023 0 s 1 1 0 0.2
1576115692030 0 s 1 1 0 0.6
1576115692038 0 s 1 1 0 0.2
1576115692045 0 s 1 1 0 0.1
1576115692053 0 s 1 1 0 0.0
1576115692061 0 s 1 1 0 0.4
1576115692069 0 s 1 1 0 0.3
1576115692076 0 s 1 1 0 0.2
1576115692083 0 s 1 1 0 0.0
1576115692091 0 s 1 1 0 0.2
1576115692097 0 s 1 1 0 0.4
1576115692105 0 s 1 1 0 0.2
1576115692113 0 s 1 1 0 0.3
1576115692121 0 s 1 1 0 0.4
1576115692129 0 s 1 1 0 0.3
1576115692136 0 s 1 1 0 0.1
1576115692144 0 s 1 1 0 1.5
1576115692151 0 s 1 1 0 0.0
1576115692157 0 s 1 1 0 0.3
1576115692165 0 s 1 1 0 0.0
1576115692173 0 s 1 1 0 0.1
1576115692181 0 s 1 1 0 0.0
1576115692189 0 s 1 1 0 0.3
1576115692196 0 s 1 1 0 0.0
1576115692204 0 s 1 1 0 0.4
1576115692211 0 s 1 1 0 0.2
1576115692219 0 s 1 1 0 0.0
1576115692226 0 s 1 1 0 0.1
1576115692234 0 s 1 1 0 0.2
1576115692241 0 s 1 1 0 0.0
1576115692249 0 s 1 1 0 0.0
1576115692256 0 s 1 1 0 0.3
1576115692265 0 s 1 1 0 0.2
1576115692273 0 s 1 1 0 0.3
1576115692280 0 s 1 1 0 0.3
1576115692288 0 s 1 1 0 0.3
1576115692296 0 s 1 1 0 0.0
1576115692304 0 s 1 1 0 0.3
1576115692312 0 s 1 1 0 0.5
1576115692320 0 s 1 1 0 1.0
1576115692327 0 s 1 1 0 0.3
1576115692336 0 s 1 1 0 0.3
1576115692345 0 s 1 1 0 1.1
1576115692353 0 s 1 1 0 0.3
1576115692361 0 s 1 1 0 0.3
1576115692369 0 s 1 1 0 0.3
1576115692377 0 s 1 1 0 0.0
1576115692384 0 s 1 1 0 0.6
1576115692392 0 s 1 1 0 0.0
1576115692399 0 s 1 1 0 0.1
1576115692407 0 s 1 1 0 0.7
1576115692414 0 s 1 1 0 0.0
1576115692422 0 s 1 1 0 0.5
1576115692432 0 s 1 1 0 0.3
1576115692440 0 s 1 1 0 0.4
1576115692447 0 s 1 1 0 0.0
1576115692455 0 s 1 1 0 0.5
1576115692462 0 s 1 1 0 0.0
1576115692470 0 s 1 1 0 0.5
1576115692477 0 s 1 1 0 0.1
1576115692485 0 s 1 1 0 0.1
1576115692492 0 s 1 1 0 1.3
1576115692500 0 s 1 1 0 0.0
1576115692507 0 s 1 1 0 0.0
1576115692515 0 s 1 1 0 0.2
1576115692522 0 s 1 1 0 0.3
1576115692530 0 s 1 1 0 0.2
1576115692537 0 s 1 1 0 0.0
1576115692545 0 s 1 1 0 0.3
1576115692552 0 s 1 1 0 0.0
1576115692560 0 s 1 1 0 1.3
1576115692567 0 s 1 1 0 0.2
1576115692575 0 s 1 1 0 0.3
1576115692582 0 s 1 1 0 0.0
1576115692590 0 s 1 1 0 0.2
1576115692597 0 s 1 1 0 1.1
1576115692605 0 s 1 1 0 0.2
1576115692612 0 s 1 1 0 0.0
1576115692620 0 s 1 1 0 0.0
1576115692627 0 s 1 1 0 0.0
1576115692635 0 s 1 1 0 0.7
1576115692642 0 s 1 1 0 0.6
1576115692650 0 s 1 1 0 0.4
1576115692657 0 s 1 1 0 0.0
1576115692665 0 s 1 1 0 0.3
1576115692672 0 s 1 1 0 0.1
1576115692680 0 s 1 1 0 0.0
1576115692688 0 s 1 1 0 0.4
1576115692696 0 s 1 1 0 0.0
1576115692703 0 s 1 1 0 0.1
1576115692711 0 s 1 1 0 0.1
1576115692718 0 s 1 1 0 0.0
1576115692725 0 s 1 1 0 0.4
1576115692733 0 s 1 1 0 0.4
1576115692741 0 s 1 1 0 0.7
1576115692748 0 s 1 1 0 0.1
1576115692756 0 s 1 1 0 0.1
1576115692763 0 s 1 1 0 0.2
1576115692771 0 s 1 1 0 0.1
1576115692778 0 s 1 1 0 0.9
1576115692787 0 s 1 1 0 0.3
1576115692794 0 s 1 1 0 0.2
1576115692803 0 s 1 1 0 0.1
1576115692811 0 s 1 1 0 0.2
1576115692819 0 s 1 1 0 0.5
1576115692826 0 s 1 1 0 0.2
1576115692834 0 s 1 1 0 0.0
1576115692841 0 s 1 1 0 0.0
1576115692849 0 s 1 1 0 0.0
1576115692857 0 s 1 1 0 0.4
1576115692865 0 s 1 1 0 0.0
1576115692872 0 s 1 1 0 0.3
1576115692880 0 s 1 1 0 0.2
1576115692887 0 s 1 1 0 1.1
1576115692895 0 s 1 1 0 0.3
1576115692902 0 s 1 1 0 0.4
1576115692910 0 s 1 1 0 0.4
1576115692917 0 s 1 1 0 0.0
1576115692925 0 s 1 1 0 0.0
1576115692932 0 s 1 1 0 0.3
1576115692940 0 s 1 1 0 0.0
1576115692947 0 s 1 1 0 0.0
1576115692955 0 s 1 1 0 0.3
1576115692962 0 s 1 1 0 0.3
1576115692970 0 s 1 1 0 0.3
1576115692977 0 s 1 1 0 0.3
1576115692985 0 s 1 1 0 0.1
1576115692992 0 s 1 1 0 0.0
1576115693000 0 s 1 1 0 0.0
1576115693009 0 s 1 1 0 1.4
1576115693018 0 s 1 1 0 0.1
1576115693025 0 s 1 1 0 0.2
1576115693033 0 s 1 1 0 0.0
1576115693040 0 s 1 1 0 0.1
1576115693048 0 s 1 1 0 0.0
1576115693055 0 s 1 1 0 0.0
1576115693063 0 s 1 1 0 0.3
1576115693070 0 s 1 1 0 0.4
1576115693079 0 s 1 1 0 0.1
1576115693086 0 s 1 1 0 0.3
1576115693094 0 s 1 1 0 0.4
1576115693101 0 s 1 1 0 0.3
1576115693109 0 s 1 1 0 0.1
1576115693116 0 s 1 1 0 0.1
1576115693124 0 s 1 1 0 0.1
1576115693131 0 s 1 1 0 0.4
1576115693139 0 s 1 1 0 1.0
1576115693146 0 s 1 1 0 0.6
1576115693154 0 s 1 1 0 0.0
1576115693161 0 s 1 1 0 0.9
1576115693169 0 s 1 1 0 0.0
1576115693176 0 s 1 1 0 0.0
1576115693184 0 s 1 1 0 0.3
1576115693191 0 s 1 1 0 0.3
1576115693200 0 s 1 1 0 0.3
1576115693207 0 s 1 1 0 0.4
1576115693215 0 s 1 1 0 0.0
1576115693223 0 s 1 1 0 0.3
1576115693232 0 s 1 1 0 0.3
1576115693240 0 s 1 1 0 0.1
1576115693249 0 s 1 1 0 0.0
1576115693258 0 s 1 1 0 0.0
1576115693267 0 s 1 1 0 0.2
1576115693275 0 s 1 1 0 0.4
1576115693285 0 s 1 1 0 0.1
1576115693292 0 s 1 1 0 0.3
1576115693300 0 s 1 1 0 0.2
1576115693307 0 s 1 1 0 0.6
1576115693315 0 s 1 1 0 0.3
1576115693321 0 s 1 1 0 0.0
1576115693328 0 s 1 1 0 0.1
1576115693336 0 s 1 1 0 0.3
1576115693344 0 s 1 1 0 0.2
1576115693352 0 s 1 1 0 0.0
1576115693360 0 s 1 1 0 0.0
1576115693368 0 s 1 1 0 0.1
1576115693376 0 s 1 1 0 0.1
1576115693383 0 s 1 1 0 0.4
1576115693391 0 s 1 1 0 0.7
1576115693398 0 s 1 1 0 0.4
1576115693407 0 s 1 1 0 0.1
1576115693414 0 s 1 1 0 0.0
1576115693422 0 s 1 1 0 0.3
1576115693429 0 s 1 1 0 0.3
1576115693438 0 s 1 1 0 0.1
1576115693445 0 s 1 1 0 0.2
1576115693453 0 s 1 1 0 0.0
1576115693460 0 s 1 1 0 1.0
1576115693468 0 s 1 1 0 0.2
1576115693475 0 s 1 1 0 0.3
1576115693483 0 s 1 1 0 0.4
1576115693490 0 s 1 1 0 0.1
1576115693498 0 s 1 1 0 0.3
1576115693505 0 s 1 1 0 0.3
1576115693513 0 s 1 1 0 0.2
1576115693520 0 s 1 1 0 0.1
1576115693528 0 s 1 1 0 0.0
1576115693535 0 s 1 1 0 0.1
1576115693543 0 s 1 1 0 0.3
1576115693550 0 s 1 1 0 0.3
1576115693560 0 s 1 1 0 0.3
1576115693568 0 s 1 1 0 0.0
1576115693576 0 s 1 1 0 0.4
1576115693583 0 s 1 1 0 0.3
1576115693591 0 s 1 1 0 0.0
1576115693599 0 s 1 1 0 0.3
1576115693607 0 s 1 1 0 0.9
1576115693614 0 s 1 1 0 0.4
1576115693622 0 s 1 1 0 0.1
1576115693629 0 s 1 1 0 0.2
1576115693637 0 s 1 1 0 0.0
1576115693645 0 s 1 1 0 0.3
1576115693653 0 s 1 1 0 0.0
1576115693660 0 s 1 1 0 0.1
1576115693668 0 s 1 1 0 0.3
1576115693675 0 s 1 1 0 0.0
1576115693683 0 s 1 1 0 0.4
1576115693690 0 s 1 1 0 0.0
1576115693698 0 s 1 1 0 0.3
1576115693705 0 s 1 1 0 0.1
1576115693713 0 s 1 1 0 0.2
1576115693720 0 s 1 1 0 0.0
1576115693729 0 s 1 1 0 0.1
1576115693737 0 s 1 1 0 0.1
1576115693745 0 s 1 1 0 0.0
1576115693752 0 s 1 1 0 0.1
1576115693760 0 s 1 1 0 0.1
1576115693767 0 s 1 1 0 0.1
1576115693775 0 s 1 1 0 0.3
1576115693783 0 s 1 1 0 0.2
1576115693791 0 s 1 1 0 0.2
1576115693798 0 s 1 1 0 0.2
1576115693806 0 s 1 1 0 0.3
1576115693813 0 s 1 1 0 0.3
1576115693821 0 s 1 1 0 0.2
1576115693828 0 s 1 1 0 0.1
1576115693836 0 s 1 1 0 0.3
1576115693843 0 s 1 1 0 0.0
1576115693851 0 s 1 1 0 0.2
1576115693859 0 s 1 1 0 0.6
1576115693867 0 s 1 1 0 0.4
1576115693875 0 s 1 1 0 0.0
1576115693883 0 s 1 1 0 0.1
1576115693890 0 s 1 1 0 0.4
1576115693898 0 s 1 1 0 1.1
1576115693905 0 s 1 1 0 0.0
1576115693913 0 s 1 1 0 0.4
1576115693920 0 s 1 1 0 0.0
1576115693928 0 s 1 1 0 0.3
1576115693935 0 s 1 1 0 0.3
1576115693943 0 s 1 1 0 0.4
1576115693950 0 s 1 1 0 0.3
1576115693958 0 s 1 1 0 0.0
1576115693965 0 s 1 1 0 0.2
1576115693973 0 s 1 1 0 0.4
1576115693980 0 s 1 1 0 0.2
1576115693987 0 s 1 1 0 0.1
1576115693994 0 s 1 1 0 0.2
1576115694003 0 s 1 1 0 0.0
1576115694011 0 s 1 1 0 0.4
1576115694019 0 s 1 1 0 0.4
1576115694026 0 s 1 1 0 0.3
1576115694033 0 s 1 1 0 0.3
1576115694041 0 s 1 1 0 0.0
1576115694049 0 s 1 1 0 0.3
1576115694056 0 s 1 1 0 0.1
1576115694064 0 s 1 1 0 0.1
1576115694070 0 s 1 1 0 0.4
1576115694078 0 s 1 1 0 0.2
1576115694085 0 s 1 1 0 0.4
1576115694093 0 s 1 1 0 0.2
1576115694100 0 s 1 1 0 0.3
1576115694108 0 s 1 1 0 0.3
1576115694115 0 s 1 1 0 0.1
1576115694123 0 s 1 1 0 0.0
1576115694130 0 s 1 1 0 0.4
1576115694138 0 s 1 1 0 0.0
1576115694145 0 s 1 1 0 0.4
1576115694152 0 s 1 1 0 0.3
1576115694160 0 s 1 1 0 0.2
1576115694167 0 s 1 1 0 0.3
1576115694174 0 s 1 1 0 0.0
1576115694181 0 s 1 1 0 0.3
1576115694189 0 s 1 1 0 0.3
1576115694197 0 s 1 1 0 0.0
1576115694204 0 s 1 1 0 0.4
1576115694212 0 s 1 1 0 0.3
1576115694219 0 s 1 1 0 0.0
1576115694227 0 s 1 1 0 0.4
1576115694234 0 s 1 1 0 0.4
1576115694242 0 s 1 1 0 0.3
1576115694250 0 s 1 1 0 0.3
1576115694258 0 s 1 1 0 0.0
1576115694265 0 s 1 1 0 0.0
1576115694273 0 s 1 1 0 0.0
1576115694281 0 s 1 1 0 0.6
1576115694289 0 s 1 1 0 0.3
1576115694296 0 s 1 1 0 0.1
1576115694304 0 s 1 1 0 0.3
1576115694311 0 s 1 1 0 0.1
1576115694319 0 s 1 1 0 0.1
1576115694326 0 s 1 1 0 0.2
1576115694334 0 s 1 1 0 0.0
1576115694341 0 s 1 1 0 1.4
1576115694349 0 s 1 1 0 0.3
1576115694356 0 s 1 1 0 0.1
1576115694365 0 s 1 1 0 0.3
1576115694372 0 s 1 1 0 0.3
1576115694380 0 s 1 1 0 0.2
1576115694387 0 s 1 1 0 0.0
1576115694395 0 s 1 1 0 0.1
1576115694402 0 s 1 1 0 0.3
1576115694410 0 s 1 1 0 0.0
1576115694417 0 s 1 1 0 0.3
1576115694425 0 s 1 1 0 0.3
1576115694432 0 s 1 1 0 1.1
1576115694439 0 s 1 1 0 0.1
1576115694447 0 s 1 1 0 0.0
1576115694455 0 s 1 1 0 0.8
1576115694462 0 s 1 1 0 0.0
1576115694470 0 s 1 1 0 0.1
1576115694477 0 s 1 1 0 0.0
1576115694484 0 s 1 1 0 0.1
1576115694492 0 s 1 1 0 0.6
1576115694500 0 s 1 1 0 0.0
1576115694508 0 s 1 1 0 0.4
1576115694516 0 s 1 1 0 0.3
1576115694524 0 s 1 1 0 0.4
1576115694532 0 s 1 1 0 0.3
1576115694540 0 s 1 1 0 0.0
1576115694548 0 s 1 1 0 0.1
1576115694555 0 s 1 1 0 0.3
1576115694563 0 s 1 1 0 0.0
1576115694570 0 s 1 1 0 0.8
1576115694578 0 s 1 1 0 0.0
1576115694585 0 s 1 1 0 0.4
1576115694593 0 s 1 1 0 0.0
1576115694601 0 s 1 1 0 0.0
1576115694608 0 s 1 1 0 0.1
1576115694616 0 s 1 1 0 0.1
1576115694624 0 s 1 1 0 1.4
1576115694630 0 s 1 1 0 0.0
1576115694638 0 s 1 1 0 0.4
1576115694645 0 s 1 1 0 0.7
1576115694653 0 s 1 1 0 0.1
1576115694660 0 s 1 1 0 0.4
1576115694668 0 s 1 1 0 0.3
1576115694675 0 s 1 1 0 0.2
1576115694682 0 s 1 1 0 0.4
1576115694690 0 s 1 1 0 1.3
1576115694698 0 s 1 1 0 0.3
1576115694705 0 s 1 1 0 0.3
1576115694712 0 s 1 1 0 0.9
1576115694721 0 s 1 1 0 0.2
1576115694729 0 s 1 1 0 0.3
1576115694736 0 s 1 1 0 0.0
1576115694744 0 s 1 1 0 0.0
1576115694751 0 s 1 1 0 0.0
1576115694759 0 s 1 1 0 0.0
1576115694766 0 s 1 1 0 0.2
1576115694773 0 s 1 1 0 0.3
1576115694781 0 s 1 1 0 0.6
1576115694789 0 s 1 1 0 0.0
1576115694796 0 s 1 1 0 0.0
1576115694803 0 s 1 1 0 0.4
1576115694811 0 s 1 1 0 0.3
1576115694819 0 s 1 1 0 0.3
1576115694826 0 s 1 1 0 0.4
1576115694834 0 s 1 1 0 0.0
1576115694841 0 s 1 1 0 0.2
1576115694849 0 s 1 1 0 0.3
1576115694856 0 s 1 1 0 0.0
1576115694864 0 s 1 1 0 0.2
1576115694872 0 s 1 1 0 0.1
1576115694880 0 s 1 1 0 0.1
1576115694887 0 s 1 1 0 0.0
1576115694895 0 s 1 1 0 0.0
1576115694902 0 s 1 1 0 0.2
1576115694910 0 s 1 1 0 0.1
1576115694917 0 s 1 1 0 0.0
1576115694925 0 s 1 1 0 0.2
1576115694932 0 s 1 1 0 0.2
1576115694940 0 s 1 1 0 0.0
1576115694947 0 s 1 1 0 0.1
1576115694955 0 s 1 1 0 0.2
1576115694962 0 s 1 1 0 0.7
1576115694970 0 s 1 1 0 0.4
1576115694977 0 s 1 1 0 0.1
1576115694984 0 s 1 1 0 0.3
1576115694992 0 s 1 1 0 0.2
1576115695000 0 s 1 1 0 0.3
1576115695009 0 s 1 1 0 0.3
1576115695019 0 s 1 1 0 0.0
1576115695026 0 s 1 1 0 0.0
1576115695035 0 s 1 1 0 0.3
1576115695043 0 s 1 1 0 0.4
1576115695051 0 s 1 1 0 0.1
1576115695058 0 s 1 1 0 0.3
1576115695066 0 s 1 1 0 0.0
1576115695074 0 s 1 1 0 0.0
1576115695082 0 s 1 1 0 0.3
1576115695089 0 s 1 1 0 0.1
1576115695097 0 s 1 1 0 0.0
1576115695104 0 s 1 1 0 0.4
1576115695112 0 s 1 1 0 0.1
1576115695120 0 s 1 1 0 0.9
1576115695129 0 s 1 1 0 0.2
1576115695138 0 s 1 1 0 1.1
1576115695146 0 s 1 1 0 0.1
1576115695153 0 s 1 1 0 0.2
1576115695162 0 s 1 1 0 0.3
1576115695169 0 s 1 1 0 0.3
1576115695177 0 s 1 1 0 0.4
1576115695184 0 s 1 1 0 0.0
1576115695192 0 s 1 1 0 0.4
1576115695199 0 s 1 1 0 0.3
1576115695207 0 s 1 1 0 0.0
1576115695214 0 s 1 1 0 0.3
1576115695221 0 s 1 1 0 0.3
1576115695229 0 s 1 1 0 0.0
1576115695237 0 s 1 1 0 0.0
1576115695245 0 s 1 1 0 0.3
1576115695253 0 s 1 1 0 0.4
1576115695260 0 s 1 1 0 0.3
1576115695268 0 s 1 1 0 0.1
1576115695275 0 s 1 1 0 0.2
1576115695283 0 s 1 1 0 0.4
1576115695290 0 s 1 1 0 0.1
1576115695298 0 s 1 1 0 0.1
1576115695305 0 s 1 1 0 0.3
1576115695313 0 s 1 1 0 0.7
1576115695320 0 s 1 1 0 0.2
1576115695328 0 s 1 1 0 0.1
1576115695335 0 s 1 1 0 0.7
1576115695343 0 s 1 1 0 0.0
1576115695350 0 s 1 1 0 0.0
1576115695358 0 s 1 1 0 0.0
1576115695365 0 s 1 1 0 0.3
1576115695374 0 s 1 1 0 0.4
1576115695381 0 s 1 1 0 0.0
1576115695389 0 s 1 1 0 0.0
1576115695396 0 s 1 1 0 1.1
1576115695404 0 s 1 1 0 0.7
1576115695411 0 s 1 1 0 0.0
1576115695419 0 s 1 1 0 0.1
1576115695426 0 s 1 1 0 0.1
1576115695434 0 s 1 1 0 0.0
1576115695442 0 s 1 1 0 0.0
1576115695452 0 s 1 1 0 1.2
1576115695459 0 s 1 1 0 0.3
1576115695467 0 s 1 1 0 0.1
1576115695474 0 s 1 1 0 0.3
1576115695483 0 s 1 1 0 0.2
1576115695490 0 s 1 1 0 0.0
1576115695498 0 s 1 1 0 0.3
1576115695505 0 s 1 1 0 0.4
1576115695515 0 s 1 1 0 1.0
1576115695522 0 s 1 1 0 1.4
1576115695530 0 s 1 1 0 0.0
1576115695537 0 s 1 1 0 0.4
1576115695545 0 s 1 1 0 0.4
1576115695552 0 s 1 1 0 0.9
1576115695560 0 s 1 1 0 0.1
1576115695567 0 s 1 1 0 0.0
1576115695575 0 s 1 1 0 0.3
1576115695582 0 s 1 1 0 1.1
1576115695590 0 s 1 1 0 0.4
1576115695597 0 s 1 1 0 0.1
1576115695605 0 s 1 1 0 0.0
1576115695613 0 s 1 1 0 0.0
1576115695621 0 s 1 1 0 0.0
1576115695628 0 s 1 1 0 0.3
1576115695636 0 s 1 1 0 0.1
1576115695643 0 s 1 1 0 0.2
1576115695651 0 s 1 1 0 0.0
1576115695658 0 s 1 1 0 1.0
1576115695665 0 s 1 1 0 0.1
1576115695673 0 s 1 1 0 0.0
1576115695681 0 s 1 1 0 0.2
1576115695688 0 s 1 1 0 0.3
1576115695696 0 s 1 1 0 0.3
1576115695703 0 s 1 1 0 0.1
1576115695711 0 s 1 1 0 0.2
1576115695718 0 s 1 1 0 1.0
1576115695726 0 s 1 1 0 0.4
1576115695733 0 s 1 1 0 0.0
1576115695741 0 s 1 1 0 0.8
1576115695748 0 s 1 1 0 0.0
1576115695756 0 s 1 1 0 0.3
1576115695763 0 s 1 1 0 0.4
1576115695771 0 s 1 1 0 0.4
1576115695778 0 s 1 1 0 0.3
1576115695786 0 s 1 1 0 0.4
1576115695793 0 s 1 1 0 0.4
1576115695801 0 s 1 1 0 1.4
1576115695808 0 s 1 1 0 0.1
1576115695816 0 s 1 1 0 0.0
1576115695822 0 s 1 1 0 0.0
1576115695830 0 s 1 1 0 0.1
1576115695837 0 s 1 1 0 0.2
1576115695845 0 s 1 1 0 0.3
1576115695853 0 s 1 1 0 0.0
1576115695861 0 s 1 1 0 0.9
1576115695868 0 s 1 1 0 0.3
1576115695877 0 s 1 1 0 0.0
1576115695884 0 s 1 1 0 0.9
1576115695892 0 s 1 1 0 0.4
1576115695899 0 s 1 1 0 0.4
1576115695907 0 s 1 1 0 0.1
1576115695914 0 s 1 1 0 0.4
1576115695922 0 s 1 1 0 0.4
1576115695929 0 s 1 1 0 0.4
1576115695937 0 s 1 1 0 0.1
1576115695945 0 s 1 1 0 0.1
1576115695953 0 s 1 1 0 0.0
1576115695960 0 s 1 1 0 1.0
1576115695968 0 s 1 1 0 0.6
1576115695975 0 s 1 1 0 0.1
1576115695983 0 s 1 1 0 0.0
1576115695990 0 s 1 1 0 0.1
1576115695998 0 s 1 1 0 0.3
1576115696005 0 s 1 1 0 0.0
1576115696013 0 s 1 1 0 0.7
1576115696020 0 s 1 1 0 0.2
1576115696028 0 s 1 1 0 0.0
1576115696035 0 s 1 1 0 0.1
1576115696043 0 s 1 1 0 0.0
1576115696050 0 s 1 1 0 0.0
1576115696058 0 s 1 1 0 0.0
1576115696065 0 s 1 1 0 0.4
1576115696073 0 s 1 1 0 0.0
1576115696080 0 s 1 1 0 0.3
1576115696088 0 s 1 1 0 0.2
1576115696095 0 s 1 1 0 0.3
1576115696103 0 s 1 1 0 0.3
1576115696110 0 s 1 1 0 0.2
1576115696118 0 s 1 1 0 0.0
1576115696125 0 s 1 1 0 0.2
1576115696133 0 s 1 1 0 0.3
1576115696140 0 s 1 1 0 0.4
1576115696148 0 s 1 1 0 0.8
1576115696156 0 s 1 1 0 0.3
1576115696164 0 s 1 1 0 0.0
1576115696172 0 s 1 1 0 0.0
1576115696180 0 s 1 1 0 0.4
1576115696187 0 s 1 1 0 1.4
1576115696195 0 s 1 1 0 0.2
1576115696202 0 s 1 1 0 0.0
1576115696211 0 s 1 1 0 0.3
1576115696218 0 s 1 1 0 0.0
1576115696226 0 s 1 1 0 0.0
1576115696233 0 s 1 1 0 0.3
1576115696240 0 s 1 1 0 0.0
1576115696248 0 s 1 1 0 0.2
1576115696255 0 s 1 1 0 0.1
1576115696263 0 s 1 1 0 0.0
1576115696271 0 s 1 1 0 0.1
1576115696278 0 s 1 1 0 1.3
1576115696286 0 s 1 1 0 0.1
1576115696293 0 s 1 1 0 0.2
1576115696301 0 s 1 1 0 0.2
1576115696308 0 s 1 1 0 0.0
1576115696316 0 s 1 1 0 1.6
1576115696323 0 s 1 1 0 0.3
1576115696331 0 s 1 1 0 0.3
1576115696338 0 s 1 1 0 0.1
1576115696346 0 s 1 1 0 0.3
1576115696353 0 s 1 1 0 0.0
1576115696361 0 s 1 1 0 0.2
1576115696369 0 s 1 1 0 0.0
1576115696377 0 s 1 1 0 0.7
1576115696385 0 s 1 1 0 0.3
1576115696393 0 s 1 1 0 0.1
1576115696400 0 s 1 1 0 0.3
1576115696408 0 s 1 1 0 0.1
1576115696415 0 s 1 1 0 0.2
1576115696423 0 s 1 1 0 0.4
1576115696430 0 s 1 1 0 0.3
1576115696438 0 s 1 1 0 0.4
1576115696445 0 s 1 1 0 0.1
1576115696453 0 s 1 1 0 0.1
1576115696460 0 s 1 1 0 0.0
1576115696468 0 s 1 1 0 0.0
1576115696475 0 s 1 1 0 0.3
1576115696483 0 s 1 1 0 0.1
1576115696490 0 s 1 1 0 0.3
1576115696498 0 s 1 1 0 0.3
1576115696505 0 s 1 1 0 0.2
1576115696513 0 s 1 1 0 0.3
1576115696520 0 s 1 1 0 0.0
1576115696528 0 s 1 1 0 0.0
1576115696535 0 s 1 1 0 0.1
1576115696544 0 s 1 1 0 0.3
1576115696551 0 s 1 1 0 0.0
1576115696559 0 s 1 1 0 0.3
1576115696566 0 s 1 1 0 0.0
1576115696574 0 s 1 1 0 0.3
1576115696581 0 s 1 1 0 0.3
1576115696589 0 s 1 1 0 0.0
1576115696596 0 s 1 1 0 0.2
1576115696604 0 s 1 1 0 0.0
1576115696611 0 s 1 1 0 0.3
1576115696619 0 s 1 1 0 0.4
1576115696626 0 s 1 1 0 0.0
1576115696633 0 s 1 1 0 0.3
1576115696641 0 s 1 1 0 0.4
1576115696648 0 s 1 1 0 0.0
1576115696655 0 s 1 1 0 0.0
1576115696663 0 s 1 1 0 0.0
1576115696670 0 s 1 1 0 0.1
1576115696678 0 s 1 1 0 0.0
1576115696685 0 s 1 1 0 0.7
1576115696693 0 s 1 1 0 0.1
1576115696700 0 s 1 1 0 0.0
1576115696707 0 s 1 1 0 0.1
1576115696716 0 s 1 1 0 0.0
1576115696726 0 s 1 1 0 0.1
1576115696733 0 s 1 1 0 0.4
1576115696743 0 s 1 1 0 0.3
1576115696750 0 s 1 1 0 0.0
1576115696757 0 s 1 1 0 0.6
1576115696764 0 s 1 1 0 0.3
1576115696773 0 s 1 1 0 0.3
1576115696781 0 s 1 1 0 0.7
1576115696789 0 s 1 1 0 0.6
1576115696796 0 s 1 1 0 0.4
1576115696804 0 s 1 1 0 0.4
1576115696811 0 s 1 1 0 1.4
1576115696819 0 s 1 1 0 0.1
1576115696826 0 s 1 1 0 0.8
1576115696834 0 s 1 1 0 0.0
1576115696841 0 s 1 1 0 0.4
1576115696848 0 s 1 1 0 0.2
1576115696855 0 s 1 1 0 0.3
1576115696863 0 s 1 1 0 0.2
1576115696870 0 s 1 1 0 0.4
1576115696878 0 s 1 1 0 0.4
1576115696886 0 s 1 1 0 0.6
1576115696894 0 s 1 1 0 0.2
1576115696901 0 s 1 1 0 0.0
1576115696909 0 s 1 1 0 0.3
1576115696916 0 s 1 1 0 0.0
1576115696924 0 s 1 1 0 0.1
1576115696931 0 s 1 1 0 0.1
1576115696939 0 s 1 1 0 0.0
1576115696946 0 s 1 1 0 0.9
1576115696954 0 s 1 1 0 0.2
1576115696961 0 s 1 1 0 0.0
1576115696967 0 s 1 1 0 0.4
1576115696975 0 s 1 1 0 0.4
1576115696982 0 s 1 1 0 0.0
1576115696990 0 s 1 1 0 0.4
1576115696998 0 s 1 1 0 0.0
1576115697006 0 s 1 1 0 0.4
1576115697014 0 s 1 1 0 0.3
1576115697022 0 s 1 1 0 0.3
1576115697029 0 s 1 1 0 0.4
1576115697037 0 s 1 1 0 0.0
1576115697044 0 s 1 1 0 0.2
1576115697051 0 s 1 1 0 0.1
1576115697058 0 s 1 1 0 0.1
1576115697067 0 s 1 1 0 0.1
1576115697075 0 s 1 1 0 0.6
1576115697082 0 s 1 1 0 0.4
1576115697090 0 s 1 1 0 0.0
1576115697098 0 s 1 1 0 0.2
1576115697106 0 s 1 1 0 0.4
1576115697113 0 s 1 1 0 0.3
1576115697121 0 s 1 1 0 0.0
1576115697128 0 s 1 1 0 0.3
1576115697136 0 s 1 1 0 0.9
1576115697144 0 s 1 1 0 0.2
1576115697152 0 s 1 1 0 0.0
1576115697159 0 s 1 1 0 0.3
1576115697167 0 s 1 1 0 0.8
1576115697174 0 s 1 1 0 0.2
1576115697182 0 s 1 1 0 0.2
1576115697189 0 s 1 1 0 0.0
1576115697197 0 s 1 1 0 0.1
1576115697204 0 s 1 1 0 0.0
1576115697212 0 s 1 1 0 0.8
1576115697219 0 s 1 1 0 0.0
1576115697227 0 s 1 1 0 0.1
1576115697234 0 s 1 1 0 0.0
1576115697242 0 s 1 1 0 0.2
1576115697249 0 s 1 1 0 1.2
1576115697257 0 s 1 1 0 0.1
1576115697264 0 s 1 1 0 0.0
1576115697272 0 s 1 1 0 0.1
1576115697279 0 s 1 1 0 0.3
1576115697287 0 s 1 1 0 0.3
1576115697294 0 s 1 1 0 0.4
1576115697302 0 s 1 1 0 0.4
1576115697309 0 s 1 1 0 0.5
1576115697317 0 s 1 1 0 0.4
1576115697324 0 s 1 1 0 0.0
1576115697332 0 s 1 1 0 0.1
1576115697339 0 s 1 1 0 0.0
1576115697347 0 s 1 1 0 0.3
1576115697354 0 s 1 1 0 0.0
1576115697362 0 s 1 1 0 0.3
1576115697370 0 s 1 1 0 0.9
1576115697378 0 s 1 1 0 0.0
1576115697386 0 s 1 1 0 0.0
1576115697394 0 s 1 1 0 1.4
1576115697402 0 s 1 1 0 0.7
1576115697411 0 s 1 1 0 0.0
1576115697418 0 s 1 1 0 0.2
1576115697426 0 s 1 1 0 0.1
1576115697433 0 s 1 1 0 0.3
1576115697441 0 s 1 1 0 0.1
1576115697448 0 s 1 1 0 0.3
1576115697456 0 s 1 1 0 0.1
1576115697463 0 s 1 1 0 0.3
1576115697471 0 s 1 1 0 0.0
1576115697478 0 s 1 1 0 0.0
1576115697486 0 s 1 1 0 0.2
1576115697493 0 s 1 1 0 0.0
1576115697501 0 s 1 1 0 0.0
1576115697509 0 s 1 1 0 0.1
1576115697517 0 s 1 1 0 0.1
1576115697524 0 s 1 1 0 0.2
1576115697532 0 s 1 1 0 0.0
1576115697539 0 s 1 1 0 0.3
1576115697547 0 s 1 1 0 0.0
1576115697554 0 s 1 1 0 0.1
1576115697562 0 s 1 1 0 0.0
1576115697569 0 s 1 1 0 0.3
1576115697577 0 s 1 1 0 0.0
1576115697584 0 s 1 1 0 0.3
1576115697592 0 s 1 1 0 0.0
1576115697600 0 s 1 1 0 0.0
1576115697608 0 s 1 1 0 0.0
1576115697616 0 s 1 1 0 0.1
1576115697624 0 s 1 1 0 0.0
1576115697632 0 s 1 1 0 0.5
1576115697640 0 s 1 1 0 0.4
1576115697647 0 s 1 1 0 0.4
1576115697655 0 s 1 1 0 0.4
1576115697663 0 s 1 1 0 0.1
1576115697671 0 s 1 1 0 0.2
1576115697678 0 s 1 1 0 0.3
1576115697686 0 s 1 1 0 0.4
1576115697693 0 s 1 1 0 0.4
1576115697701 0 s 1 1 0 0.3
1576115697708 0 s 1 1 0 0.0
1576115697716 0 s 1 1 0 0.0
1576115697723 0 s 1 1 0 0.1
1576115697731 0 s 1 1 0 0.0
1576115697738 0 s 1 1 0 0.4
1576115697746 0 s 1 1 0 0.0
1576115697753 0 s 1 1 0 0.3
1576115697761 0 s 1 1 0 0.1
1576115697768 0 s 1 1 0 0.0
1576115697777 0 s 1 1 0 0.9
1576115697785 0 s 1 1 0 0.4
1576115697792 0 s 1 1 0 0.0
1576115697800 0 s 1 1 0 0.3
1576115697809 0 s 1 1 0 0.0
1576115697816 0 s 1 1 0 0.2
1576115697824 0 s 1 1 0 0.4
1576115697831 0 s 1 1 0 0.3
1576115697840 0 s 1 1 0 0.0
1576115697848 0 s 1 1 0 0.4
1576115697856 0 s 1 1 0 0.3
1576115697863 0 s 1 1 0 0.0
1576115697871 0 s 1 1 0 0.2
1576115697878 0 s 1 1 0 0.0
1576115697888 0 s 1 1 0 0.2
1576115697897 0 s 1 1 0 0.0
1576115697905 0 s 1 1 0 0.0
1576115697915 0 s 1 1 0 0.1
1576115697924 0 s 1 1 0 0.0
1576115697931 0 s 1 1 0 0.1
1576115697940 0 s 1 1 0 0.3
1576115697948 0 s 1 1 0 0.1
1576115697958 0 s 1 1 0 0.0
1576115697965 0 s 1 1 0 0.1
1576115697973 0 s 1 1 0 0.9
1576115697980 0 s 1 1 0 0.0
1576115697988 0 s 1 1 0 0.8
1576115697995 0 s 1 1 0 0.3
1576115698003 0 s 1 1 0 0.2
1576115698010 0 s 1 1 0 0.4
1576115698018 0 s 1 1 0 0.4
1576115698025 0 s 1 1 0 0.5
1576115698033 0 s 1 1 0 2.9
1576115698040 0 s 1 1 0 0.0
1576115698048 0 s 1 1 0 0.1
1576115698056 0 s 1 1 0 0.1
1576115698065 0 s 1 1 0 0.3
1576115698073 0 s 1 1 0 0.2
1576115698081 0 s 1 1 0 0.0
1576115698088 0 s 1 1 0 0.2
1576115698096 0 s 1 1 0 0.6
1576115698104 0 s 1 1 0 0.3
1576115698113 0 s 1 1 0 0.0
1576115698121 0 s 1 1 0 0.3
1576115698130 0 s 1 1 0 0.0
1576115698137 0 s 1 1 0 0.3
1576115698144 0 s 1 1 0 0.7
1576115698151 0 s 1 1 0 0.1
1576115698159 0 s 1 1 0 0.3
1576115698166 0 s 1 1 0 0.2
1576115698174 0 s 1 1 0 0.6
1576115698181 0 s 1 1 0 0.0
1576115698189 0 s 1 1 0 0.4
1576115698196 0 s 1 1 0 0.2
1576115698204 0 s 1 1 0 0.2
1576115698211 0 s 1 1 0 0.4
1576115698219 0 s 1 1 0 0.8
1576115698226 0 s 1 1 0 0.0
1576115698234 0 s 1 1 0 0.1
1576115698241 0 s 1 1 0 0.0
1576115698249 0 s 1 1 0 1.0
1576115698256 0 s 1 1 0 0.2
1576115698264 0 s 1 1 0 0.0
1576115698271 0 s 1 1 0 0.0
1576115698279 0 s 1 1 0 0.0
1576115698286 0 s 1 1 0 0.0
1576115698294 0 s 1 1 0 0.0
1576115698301 0 s 1 1 0 0.5
1576115698310 0 s 1 1 0 0.0
1576115698317 0 s 1 1 0 0.4
1576115698325 0 s 1 1 0 0.1
1576115698332 0 s 1 1 0 0.7
1576115698340 0 s 1 1 0 0.4
1576115698347 0 s 1 1 0 0.4
1576115698355 0 s 1 1 0 0.4
1576115698362 0 s 1 1 0 0.0
1576115698371 0 s 1 1 0 0.4
1576115698378 0 s 1 1 0 0.4
1576115698386 0 s 1 1 0 0.2
1576115698395 0 s 1 1 0 0.0
1576115698403 0 s 1 1 0 0.0
1576115698410 0 s 1 1 0 0.0
1576115698418 0 s 1 1 0 0.0
1576115698425 0 s 1 1 0 0.8
1576115698433 0 s 1 1 0 0.0
1576115698440 0 s 1 1 0 0.4
1576115698448 0 s 1 1 0 0.2
1576115698455 0 s 1 1 0 0.3
1576115698463 0 s 1 1 0 0.4
1576115698470 0 s 1 1 0 0.0
1576115698478 0 s 1 1 0 0.0
1576115698485 0 s 1 1 0 0.2
1576115698493 0 s 1 1 0 1.3
1576115698500 0 s 1 1 0 0.3
1576115698508 0 s 1 1 0 0.3
1576115698515 0 s 1 1 0 0.6
1576115698523 0 s 1 1 0 0.4
1576115698530 0 s 1 1 0 0.4
1576115698539 0 s 1 1 0 0.4
1576115698546 0 s 1 1 0 0.3
1576115698555 0 s 1 1 0 0.3
1576115698562 0 s 1 1 0 1.3
1576115698570 0 s 1 1 0 0.3
1576115698577 0 s 1 1 0 0.0
1576115698585 0 s 1 1 0 0.0
1576115698593 0 s 1 1 0 0.3
1576115698600 0 s 1 1 0 0.1
1576115698607 0 s 1 1 0 0.0
1576115698615 0 s 1 1 0 0.9
1576115698622 0 s 1 1 0 0.0
1576115698630 0 s 1 1 0 0.1
1576115698638 0 s 1 1 0 0.0
1576115698646 0 s 1 1 0 0.0
1576115698653 0 s 1 1 0 0.0
1576115698661 0 s 1 1 0 0.0
1576115698668 0 s 1 1 0 0.3
1576115698676 0 s 1 1 0 0.1
1576115698683 0 s 1 1 0 0.5
1576115698691 0 s 1 1 0 0.2
1576115698698 0 s 1 1 0 0.0
1576115698706 0 s 1 1 0 0.7
1576115698713 0 s 1 1 0 0.4
1576115698721 0 s 1 1 0 0.0
1576115698728 0 s 1 1 0 0.3
1576115698736 0 s 1 1 0 0.0
1576115698743 0 s 1 1 0 0.0
1576115698751 0 s 1 1 0 0.3
1576115698758 0 s 1 1 0 0.1
1576115698766 0 s 1 1 0 0.1
1576115698773 0 s 1 1 0 0.4
1576115698781 0 s 1 1 0 0.2
1576115698788 0 s 1 1 0 0.4
1576115698796 0 s 1 1 0 0.2
1576115698803 0 s 1 1 0 0.0
1576115698811 0 s 1 1 0 0.3
1576115698818 0 s 1 1 0 0.0
1576115698826 0 s 1 1 0 0.2
1576115698833 0 s 1 1 0 0.3
1576115698841 0 s 1 1 0 0.3
1576115698848 0 s 1 1 0 0.3
1576115698856 0 s 1 1 0 0.0
1576115698863 0 s 1 1 0 0.3
1576115698871 0 s 1 1 0 0.1
1576115698878 0 s 1 1 0 0.4
1576115698886 0 s 1 1 0 0.3
1576115698893 0 s 1 1 0 0.0
1576115698902 0 s 1 1 0 0.9
1576115698909 0 s 1 1 0 0.4
1576115698917 0 s 1 1 0 0.2
1576115698924 0 s 1 1 0 0.3
1576115698932 0 s 1 1 0 0.4
1576115698939 0 s 1 1 0 0.3
1576115698947 0 s 1 1 0 0.0
1576115698954 0 s 1 1 0 0.1
1576115698962 0 s 1 1 0 0.0
1576115698969 0 s 1 1 0 0.3
1576115698977 0 s 1 1 0 0.4
1576115698984 0 s 1 1 0 0.0
1576115698992 0 s 1 1 0 0.0
1576115698999 0 s 1 1 0 0.3
1576115699007 0 s 1 1 0 0.0
1576115699016 0 s 1 1 0 1.3
1576115699025 0 s 1 1 0 0.3
1576115699032 0 s 1 1 0 0.0
1576115699040 0 s 1 1 0 0.4
1576115699047 0 s 1 1 0 0.1
1576115699055 0 s 1 1 0 0.0
1576115699062 0 s 1 1 0 0.3
1576115699070 0 s 1 1 0 0.0
1576115699077 0 s 1 1 0 0.3
1576115699085 0 s 1 1 0 0.1
1576115699092 0 s 1 1 0 0.4
1576115699100 0 s 1 1 0 0.3
1576115699108 0 s 1 1 0 0.1
1576115699116 0 s 1 1 0 0.1
1576115699123 0 s 1 1 0 0.2
1576115699131 0 s 1 1 0 0.3
1576115699138 0 s 1 1 0 1.3
1576115699145 0 s 1 1 0 0.0
1576115699154 0 s 1 1 0 0.0
1576115699162 0 s 1 1 0 0.0
1576115699169 0 s 1 1 0 0.0
1576115699177 0 s 1 1 0 0.1
1576115699184 0 s 1 1 0 0.6
1576115699192 0 s 1 1 0 0.1
1576115699199 0 s 1 1 0 0.4
1576115699207 0 s 1 1 0 0.3
1576115699214 0 s 1 1 0 0.2
1576115699222 0 s 1 1 0 0.4
1576115699229 0 s 1 1 0 0.4
1576115699237 0 s 1 1 0 0.4
1576115699244 0 s 1 1 0 0.3
1576115699253 0 s 1 1 0 0.2
1576115699260 0 s 1 1 0 0.3
1576115699268 0 s 1 1 0 0.4
1576115699275 0 s 1 1 0 0.3
1576115699283 0 s 1 1 0 0.0
1576115699290 0 s 1 1 0 0.2
1576115699298 0 s 1 1 0 0.0
1576115699305 0 s 1 1 0 1.3
1576115699313 0 s 1 1 0 0.7
1576115699320 0 s 1 1 0 0.4
1576115699328 0 s 1 1 0 0.0
1576115699335 0 s 1 1 0 0.3
1576115699343 0 s 1 1 0 0.3
1576115699350 0 s 1 1 0 0.3
1576115699358 0 s 1 1 0 0.0
1576115699365 0 s 1 1 0 0.1
1576115699374 0 s 1 1 0 0.2
1576115699381 0 s 1 1 0 0.3
1576115699388 0 s 1 1 0 0.0
1576115699395 0 s 1 1 0 0.1
1576115699404 0 s 1 1 0 1.1
1576115699411 0 s 1 1 0 0.3
1576115699419 0 s 1 1 0 0.4
1576115699426 0 s 1 1 0 0.0
1576115699434 0 s 1 1 0 0.0
1576115699441 0 s 1 1 0 0.2
1576115699449 0 s 1 1 0 0.1
1576115699456 0 s 1 1 0 0.4
1576115699464 0 s 1 1 0 0.3
1576115699471 0 s 1 1 0 0.6
1576115699480 0 s 1 1 0 0.0
1576115699488 0 s 1 1 0 0.0
1576115699496 0 s 1 1 0 0.0
1576115699504 0 s 1 1 0 0.0
1576115699511 0 s 1 1 0 0.1
1576115699520 0 s 1 1 0 0.1
1576115699528 0 s 1 1 0 0.2
1576115699536 0 s 1 1 0 0.3
1576115699546 0 s 1 1 0 0.3
1576115699554 0 s 1 1 0 0.0
1576115699562 0 s 1 1 0 0.0
1576115699569 0 s 1 1 0 0.2
1576115699578 0 s 1 1 0 0.0
1576115699586 0 s 1 1 0 0.0
1576115699594 0 s 1 1 0 0.6
1576115699601 0 s 1 1 0 0.2
1576115699608 0 s 1 1 0 0.0
1576115699615 0 s 1 1 0 0.0
1576115699622 0 s 1 1 0 0.0
1576115699631 0 s 1 1 0 0.3
1576115699639 0 s 1 1 0 0.3
1576115699647 0 s 1 1 0 0.5
1576115699656 0 s 1 1 0 0.6
1576115699665 0 s 1 1 0 0.3
1576115699674 0 s 1 1 0 0.4
1576115699682 0 s 1 1 0 0.3
1576115699690 0 s 1 1 0 0.0
1576115699697 0 s 1 1 0 0.4
1576115699705 0 s 1 1 0 0.3
1576115699712 0 s 1 1 0 0.4
1576115699720 0 s 1 1 0 0.7
1576115699727 0 s 1 1 0 0.2
1576115699735 0 s 1 1 0 0.0
1576115699742 0 s 1 1 0 0.4
1576115699750 0 s 1 1 0 0.1
1576115699757 0 s 1 1 0 0.2
1576115699764 0 s 1 1 0 1.3
1576115699771 0 s 1 1 0 0.2
1576115699779 0 s 1 1 0 0.0
1576115699787 0 s 1 1 0 0.1
1576115699796 0 s 1 1 0 0.3
1576115699803 0 s 1 1 0 0.3
1576115699811 0 s 1 1 0 0.1
1576115699818 0 s 1 1 0 0.3
1576115699826 0 s 1 1 0 0.2
1576115699834 0 s 1 1 0 0.3
1576115699841 0 s 1 1 0 1.3
1576115699850 0 s 1 1 0 0.3
1576115699857 0 s 1 1 0 0.2
1576115699864 0 s 1 1 0 0.0
1576115699872 0 s 1 1 0 0.0
1576115699879 0 s 1 1 0 0.1
1576115699887 0 s 1 1 0 0.4
1576115699894 0 s 1 1 0 0.7
1576115699902 0 s 1 1 0 0.1
1576115699910 0 s 1 1 0 1.0
1576115699918 0 s 1 1 0 0.5
1576115699925 0 s 1 1 0 0.3
1576115699933 0 s 1 1 0 0.3
1576115699940 0 s 1 1 0 0.3
1576115699948 0 s 1 1 0 0.0
1576115699956 0 s 1 1 0 0.1
1576115699966 0 s 1 1 0 0.5
1576115699973 0 s 1 1 0 0.1
1576115699981 0 s 1 1 0 0.0
1576115699988 0 s 1 1 0 0.0
1576115699996 0 s 1 1 0 0.0
1576115700003 0 s 1 1 0 0.1
1576115700011 0 s 1 1 0 0.0
1576115700018 0 s 1 1 0 0.3
1576115700026 0 s 1 1 0 0.4
1576115700034 0 s 1 1 0 0.3
1576115700042 0 s 1 1 0 0.3
1576115700050 0 s 1 1 0 0.2
1576115700058 0 s 1 1 0 0.0
1576115700065 0 s 1 1 0 0.4
1576115700073 0 s 1 1 0 1.5
1576115700080 0 s 1 1 0 0.0
1576115700088 0 s 1 1 0 0.0
1576115700095 0 s 1 1 0 0.5
1576115700103 0 s 1 1 0 0.0
1576115700110 0 s 1 1 0 0.4
1576115700118 0 s 1 1 0 0.9
1576115700125 0 s 1 1 0 0.3
1576115700133 0 s 1 1 0 0.2
1576115700140 0 s 1 1 0 0.3
1576115700148 0 s 1 1 0 0.4
1576115700155 0 s 1 1 0 0.3
1576115700163 0 s 1 1 0 0.5
1576115700170 0 s 1 1 0 0.0
1576115700178 0 s 1 1 0 0.0
1576115700185 0 s 1 1 0 0.0
1576115700193 0 s 1 1 0 0.0
1576115700200 0 s 1 1 0 0.1
1576115700208 0 s 1 1 0 0.1
1576115700215 0 s 1 1 0 0.2
1576115700223 0 s 1 1 0 0.0
1576115700230 0 s 1 1 0 0.3
1576115700238 0 s 1 1 0 0.3
1576115700245 0 s 1 1 0 0.0
1576115700253 0 s 1 1 0 0.0
1576115700260 0 s 1 1 0 0.3
1576115700267 0 s 1 1 0 0.4
1576115700274 0 s 1 1 0 0.3
1576115700282 0 s 1 1 0 0.0
1576115700289 0 s 1 1 0 0.1
1576115700297 0 s 1 1 0 0.1
1576115700304 0 s 1 1 0 0.0
1576115700312 0 s 1 1 0 0.0
1576115700319 0 s 1 1 0 0.0
1576115700327 0 s 1 1 0 0.0
1576115700334 0 s 1 1 0 0.0
1576115700342 0 s 1 1 0 0.3
1576115700349 0 s 1 1 0 0.3
1576115700357 0 s 1 1 0 0.3
1576115700365 0 s 1 1 0 0.1
1576115700373 0 s 1 1 0 0.1
1576115700380 0 s 1 1 0 0.8
1576115700388 0 s 1 1 0 0.2
1576115700395 0 s 1 1 0 0.4
1576115700403 0 s 1 1 0 0.3
1576115700412 0 s 1 1 0 0.3
1576115700420 0 s 1 1 0 0.2
1576115700428 0 s 1 1 0 0.0
1576115700437 0 s 1 1 0 0.4
1576115700444 0 s 1 1 0 0.3
1576115700452 0 s 1 1 0 1.4
1576115700459 0 s 1 1 0 0.3
1576115700467 0 s 1 1 0 0.1
1576115700474 0 s 1 1 0 0.0
1576115700482 0 s 1 1 0 0.3
1576115700489 0 s 1 1 0 0.5
1576115700497 0 s 1 1 0 0.0
1576115700504 0 s 1 1 0 0.0
1576115700512 0 s 1 1 0 0.1
1576115700519 0 s 1 1 0 0.0
1576115700527 0 s 1 1 0 0.1
1576115700535 0 s 1 1 0 0.8
1576115700543 0 s 1 1 0 0.4
1576115700550 0 s 1 1 0 0.4
1576115700558 0 s 1 1 0 1.4
1576115700565 0 s 1 1 0 0.1
1576115700573 0 s 1 1 0 0.2
1576115700580 0 s 1 1 0 1.1
1576115700588 0 s 1 1 0 0.2
1576115700595 0 s 1 1 0 0.0
1576115700603 0 s 1 1 0 0.0
1576115700610 0 s 1 1 0 0.0
1576115700618 0 s 1 1 0 0.2
1576115700625 0 s 1 1 0 1.2
1576115700634 0 s 1 1 0 0.4
1576115700641 0 s 1 1 0 0.9
1576115700649 0 s 1 1 0 0.0
1576115700656 0 s 1 1 0 0.3
1576115700664 0 s 1 1 0 0.4
1576115700671 0 s 1 1 0 0.1
1576115700679 0 s 1 1 0 0.2
1576115700686 0 s 1 1 0 0.1
1576115700694 0 s 1 1 0 0.0
1576115700701 0 s 1 1 0 0.0
1576115700709 0 s 1 1 0 0.2
1576115700716 0 s 1 1 0 0.0
1576115700724 0 s 1 1 0 0.3
1576115700731 0 s 1 1 0 0.3
1576115700739 0 s 1 1 0 0.0
1576115700747 0 s 1 1 0 0.0
1576115700756 0 s 1 1 0 0.0
1576115700763 0 s 1 1 0 0.0
1576115700771 0 s 1 1 0 0.3
1576115700778 0 s 1 1 0 0.1
1576115700786 0 s 1 1 0 1.4
1576115700793 0 s 1 1 0 0.4
1576115700801 0 s 1 1 0 0.2
1576115700808 0 s 1 1 0 1.3
1576115700816 0 s 1 1 0 0.0
1576115700823 0 s 1 1 0 0.5
1576115700831 0 s 1 1 0 0.4
1576115700838 0 s 1 1 0 0.3
1576115700847 0 s 1 1 0 0.4
1576115700855 0 s 1 1 0 1.3
1576115700865 0 s 1 1 0 0.0
1576115700872 0 s 1 1 0 1.0
1576115700881 0 s 1 1 0 1.3
1576115700889 0 s 1 1 0 0.3
1576115700898 0 s 1 1 0 0.4
1576115700905 0 s 1 1 0 0.3
1576115700914 0 s 1 1 0 0.1
1576115700921 0 s 1 1 0 0.1
1576115700929 0 s 1 1 0 0.3
1576115700936 0 s 1 1 0 0.3
1576115700945 0 s 1 1 0 0.0
1576115700952 0 s 1 1 0 0.3
1576115700962 0 s 1 1 0 0.3
1576115700969 0 s 1 1 0 0.4
1576115700977 0 s 1 1 0 0.3
1576115700984 0 s 1 1 0 0.6
1576115700992 0 s 1 1 0 0.4
1576115700999 0 s 1 1 0 1.3
1576115701007 0 s 1 1 0 0.6
1576115701014 0 s 1 1 0 0.0
1576115701022 0 s 1 1 0 0.0
1576115701031 0 s 1 1 0 0.3
1576115701039 0 s 1 1 0 0.3
1576115701046 0 s 1 1 0 0.4
1576115701054 0 s 1 1 0 0.2
1576115701061 0 s 1 1 0 0.6
1576115701069 0 s 1 1 0 0.3
1576115701077 0 s 1 1 0 0.4
1576115701085 0 s 1 1 0 0.4
1576115701092 0 s 1 1 0 0.1
1576115701100 0 s 1 1 0 0.3
1576115701107 0 s 1 1 0 0.4
1576115701115 0 s 1 1 0 0.3
1576115701122 0 s 1 1 0 0.1
1576115701130 0 s 1 1 0 0.3
1576115701138 0 s 1 1 0 0.0
1576115701146 0 s 1 1 0 0.0
1576115701153 0 s 1 1 0 0.1
1576115701162 0 s 1 1 0 0.3
1576115701169 0 s 1 1 0 0.0
1576115701177 0 s 1 1 0 0.4
1576115701185 0 s 1 1 0 0.1
1576115701193 0 s 1 1 0 0.2
1576115701200 0 s 1 1 0 0.1
1576115701209 0 s 1 1 0 0.4
1576115701216 0 s 1 1 0 0.3
1576115701224 0 s 1 1 0 0.0
1576115701231 0 s 1 1 0 0.4
1576115701240 0 s 1 1 0 0.3
1576115701247 0 s 1 1 0 0.4
1576115701255 0 s 1 1 0 0.0
1576115701263 0 s 1 1 0 0.2
1576115701273 0 s 1 1 0 0.7
1576115701281 0 s 1 1 0 0.0
1576115701289 0 s 1 1 0 0.8
1576115701297 0 s 1 1 0 0.0
1576115701305 0 s 1 1 0 0.2
1576115701312 0 s 1 1 0 0.5
1576115701320 0 s 1 1 0 0.1
1576115701327 0 s 1 1 0 0.0
1576115701335 0 s 1 1 0 0.3
1576115701342 0 s 1 1 0 0.0
1576115701350 0 s 1 1 0 0.0
1576115701357 0 s 1 1 0 0.5
1576115701365 0 s 1 1 0 0.4
1576115701372 0 s 1 1 0 0.0
1576115701380 0 s 1 1 0 0.0
1576115701387 0 s 1 1 0 0.4
1576115701395 0 s 1 1 0 1.4
1576115701402 0 s 1 1 0 0.0
1576115701410 0 s 1 1 0 0.1
1576115701418 0 s 1 1 0 0.3
1576115701426 0 s 1 1 0 0.1
1576115701433 0 s 1 1 0 0.7
1576115701441 0 s 1 1 0 0.0
1576115701448 0 s 1 1 0 0.0
1576115701456 0 s 1 1 0 0.0
1576115701463 0 s 1 1 0 0.0
1576115701471 0 s 1 1 0 0.0
1576115701478 0 s 1 1 0 0.0
1576115701486 0 s 1 1 0 0.3
1576115701493 0 s 1 1 0 0.1
1576115701501 0 s 1 1 0 0.2
1576115701508 0 s 1 1 0 1.3
1576115701516 0 s 1 1 0 0.0
1576115701523 0 s 1 1 0 0.1
1576115701531 0 s 1 1 0 0.2
1576115701538 0 s 1 1 0 0.0
1576115701546 0 s 1 1 0 0.1
1576115701553 0 s 1 1 0 0.3
1576115701561 0 s 1 1 0 0.3
1576115701568 0 s 1 1 0 0.6
1576115701576 0 s 1 1 0 0.0
1576115701584 0 s 1 1 0 0.4
1576115701592 0 s 1 1 0 0.1
1576115701599 0 s 1 1 0 0.1
1576115701607 0 s 1 1 0 0.8
1576115701614 0 s 1 1 0 0.0
1576115701622 0 s 1 1 0 0.4
1576115701629 0 s 1 1 0 0.2
1576115701637 0 s 1 1 0 0.5
1576115701644 0 s 1 1 0 0.4
1576115701652 0 s 1 1 0 0.7
1576115701659 0 s 1 1 0 0.3
1576115701667 0 s 1 1 0 0.6
1576115701674 0 s 1 1 0 0.2
1576115701683 0 s 1 1 0 0.2
1576115701691 0 s 1 1 0 0.0
1576115701698 0 s 1 1 0 0.2
1576115701706 0 s 1 1 0 0.1
1576115701714 0 s 1 1 0 0.0
1576115701721 0 s 1 1 0 0.0
1576115701729 0 s 1 1 0 0.4
1576115701736 0 s 1 1 0 0.3
1576115701744 0 s 1 1 0 0.1
1576115701751 0 s 1 1 0 0.3
1576115701759 0 s 1 1 0 0.2
1576115701767 0 s 1 1 0 0.3
1576115701775 0 s 1 1 0 0.3
1576115701783 0 s 1 1 0 0.0
1576115701791 0 s 1 1 0 0.6
1576115701798 0 s 1 1 0 0.1
1576115701806 0 s 1 1 0 0.1
1576115701815 0 s 1 1 0 0.1
1576115701824 0 s 1 1 0 0.3
1576115701831 0 s 1 1 0 0.1
1576115701839 0 s 1 1 0 1.1
1576115701846 0 s 1 1 0 0.0
1576115701854 0 s 1 1 0 0.0
1576115701861 0 s 1 1 0 0.1
1576115701869 0 s 1 1 0 0.7
1576115701876 0 s 1 1 0 0.3
1576115701884 0 s 1 1 0 0.4
1576115701891 0 s 1 1 0 0.4
1576115701899 0 s 1 1 0 0.7
1576115701907 0 s 1 1 0 0.3
1576115701915 0 s 1 1 0 0.0
1576115701923 0 s 1 1 0 0.1
1576115701931 0 s 1 1 0 0.0
1576115701938 0 s 1 1 0 0.0
1576115701946 0 s 1 1 0 0.0
1576115701953 0 s 1 1 0 0.0
1576115701961 0 s 1 1 0 0.0
1576115701968 0 s 1 1 0 0.0
1576115701977 0 s 1 1 0 0.0
1576115701984 0 s 1 1 0 0.1
1576115701992 0 s 1 1 0 0.4
1576115701999 0 s 1 1 0 0.1
1576115702007 0 s 1 1 0 0.0
1576115702014 0 s 1 1 0 0.4
1576115702023 0 s 1 1 0 0.0
1576115702030 0 s 1 1 0 0.1
1576115702038 0 s 1 1 0 0.8
1576115702045 0 s 1 1 0 0.6
1576115702053 0 s 1 1 0 0.0
1576115702060 0 s 1 1 0 0.0
1576115702068 0 s 1 1 0 0.2
1576115702075 0 s 1 1 0 0.0
1576115702083 0 s 1 1 0 0.1
1576115702090 0 s 1 1 0 0.1
1576115702098 0 s 1 1 0 0.0
1576115702105 0 s 1 1 0 0.4
1576115702113 0 s 1 1 0 0.4
1576115702120 0 s 1 1 0 0.0
1576115702128 0 s 1 1 0 0.7
1576115702135 0 s 1 1 0 0.0
1576115702143 0 s 1 1 0 0.2
1576115702150 0 s 1 1 0 0.0
1576115702158 0 s 1 1 0 0.4
1576115702165 0 s 1 1 0 0.4
1576115702173 0 s 1 1 0 0.4
1576115702180 0 s 1 1 0 0.2
1576115702188 0 s 1 1 0 0.3
1576115702195 0 s 1 1 0 0.3
1576115702203 0 s 1 1 0 0.2
1576115702210 0 s 1 1 0 0.6
1576115702219 0 s 1 1 0 0.1
1576115702227 0 s 1 1 0 0.2
1576115702235 0 s 1 1 0 0.2
1576115702242 0 s 1 1 0 0.0
1576115702250 0 s 1 1 0 0.0
1576115702257 0 s 1 1 0 0.0
1576115702265 0 s 1 1 0 0.4
1576115702272 0 s 1 1 0 0.0
1576115702280 0 s 1 1 0 0.7
1576115702287 0 s 1 1 0 0.0
1576115702295 0 s 1 1 0 0.1
1576115702302 0 s 1 1 0 0.3
1576115702310 0 s 1 1 0 0.7
1576115702318 0 s 1 1 0 0.1
1576115702327 0 s 1 1 0 0.3
1576115702334 0 s 1 1 0 0.0
1576115702342 0 s 1 1 0 0.0
1576115702350 0 s 1 1 0 0.4
1576115702358 0 s 1 1 0 0.4
1576115702365 0 s 1 1 0 0.4
1576115702373 0 s 1 1 0 0.7
1576115702380 0 s 1 1 0 0.0
1576115702388 0 s 1 1 0 0.4
1576115702395 0 s 1 1 0 0.5
1576115702403 0 s 1 1 0 0.0
1576115702412 0 s 1 1 0 0.3
1576115702422 0 s 1 1 0 0.4
1576115702432 0 s 1 1 0 0.0
1576115702440 0 s 1 1 0 0.2
1576115702447 0 s 1 1 0 0.3
1576115702455 0 s 1 1 0 0.5
1576115702462 0 s 1 1 0 0.0
1576115702470 0 s 1 1 0 0.4
1576115702477 0 s 1 1 0 0.0
1576115702484 0 s 1 1 0 0.3
1576115702491 0 s 1 1 0 0.2
1576115702499 0 s 1 1 0 0.1
1576115702506 0 s 1 1 0 0.0
1576115702514 0 s 1 1 0 0.3
1576115702521 0 s 1 1 0 0.0
1576115702529 0 s 1 1 0 0.3
1576115702536 0 s 1 1 0 0.1
1576115702544 0 s 1 1 0 0.0
1576115702551 0 s 1 1 0 0.0
1576115702559 0 s 1 1 0 0.3
1576115702566 0 s 1 1 0 0.3
1576115702574 0 s 1 1 0 0.2
1576115702582 0 s 1 1 0 0.0
1576115702590 0 s 1 1 0 0.0
1576115702598 0 s 1 1 0 0.0
1576115702606 0 s 1 1 0 0.1
1576115702614 0 s 1 1 0 0.2
1576115702622 0 s 1 1 0 0.1
1576115702630 0 s 1 1 0 0.0
1576115702638 0 s 1 1 0 0.3
1576115702646 0 s 1 1 0 0.1
1576115702654 0 s 1 1 0 0.4
1576115702661 0 s 1 1 0 0.0
1576115702668 0 s 1 1 0 0.6
1576115702675 0 s 1 1 0 0.3
1576115702683 0 s 1 1 0 0.6
1576115702690 0 s 1 1 0 0.2
1576115702697 0 s 1 1 0 0.0
1576115702704 0 s 1 1 0 0.2
1576115702712 0 s 1 1 0 0.7
1576115702719 0 s 1 1 0 0.1
1576115702727 0 s 1 1 0 0.1
1576115702734 0 s 1 1 0 0.0
1576115702742 0 s 1 1 0 0.4
1576115702749 0 s 1 1 0 0.0
1576115702757 0 s 1 1 0 0.0
1576115702764 0 s 1 1 0 0.3
1576115702772 0 s 1 1 0 0.4
1576115702779 0 s 1 1 0 0.8
1576115702787 0 s 1 1 0 0.3
1576115702794 0 s 1 1 0 0.4
1576115702802 0 s 1 1 0 0.1
1576115702809 0 s 1 1 0 0.1
1576115702817 0 s 1 1 0 0.3
1576115702824 0 s 1 1 0 0.0
1576115702832 0 s 1 1 0 0.3
1576115702839 0 s 1 1 0 0.2
1576115702847 0 s 1 1 0 0.4
1576115702854 0 s 1 1 0 0.2
1576115702862 0 s 1 1 0 0.3
1576115702869 0 s 1 1 0 0.1
1576115702877 0 s 1 1 0 0.0
1576115702884 0 s 1 1 0 0.4
1576115702892 0 s 1 1 0 0.0
1576115702899 0 s 1 1 0 1.0
1576115702907 0 s 1 1 0 0.1
1576115702914 0 s 1 1 0 0.2
1576115702922 0 s 1 1 0 0.5
1576115702929 0 s 1 1 0 0.0
1576115702938 0 s 1 1 0 0.0
1576115702945 0 s 1 1 0 0.6
1576115702953 0 s 1 1 0 0.6
1576115702960 0 s 1 1 0 0.0
1576115702968 0 s 1 1 0 0.2
1576115702975 0 s 1 1 0 0.2
1576115702983 0 s 1 1 0 0.3
1576115702990 0 s 1 1 0 0.0
1576115702998 0 s 1 1 0 0.3
1576115703005 0 s 1 1 0 0.4
1576115703013 0 s 1 1 0 0.0
1576115703020 0 s 1 1 0 0.1
1576115703028 0 s 1 1 0 0.1
1576115703037 0 s 1 1 0 0.0
1576115703046 0 s 1 1 0 0.0
1576115703054 0 s 1 1 0 0.1
1576115703063 0 s 1 1 0 0.0
1576115703070 0 s 1 1 0 0.0
1576115703078 0 s 1 1 0 0.3
1576115703085 0 s 1 1 0 0.6
1576115703093 0 s 1 1 0 0.0
1576115703100 0 s 1 1 0 0.2
1576115703108 0 s 1 1 0 0.0
1576115703115 0 s 1 1 0 0.2
1576115703123 0 s 1 1 0 0.2
1576115703130 0 s 1 1 0 0.3
1576115703138 0 s 1 1 0 0.0
1576115703146 0 s 1 1 0 0.4
1576115703154 0 s 1 1 0 1.2
1576115703162 0 s 1 1 0 0.0
1576115703170 0 s 1 1 0 0.2
1576115703178 0 s 1 1 0 0.2
1576115703186 0 s 1 1 0 0.1
1576115703194 0 s 1 1 0 0.1
1576115703202 0 s 1 1 0 0.0
1576115703210 0 s 1 1 0 0.0
1576115703219 0 s 1 1 0 0.1
1576115703227 0 s 1 1 0 0.4
1576115703235 0 s 1 1 0 0.2
1576115703243 0 s 1 1 0 0.3
1576115703251 0 s 1 1 0 0.0
1576115703258 0 s 1 1 0 0.2
1576115703267 0 s 1 1 0 0.0
1576115703274 0 s 1 1 0 0.3
1576115703282 0 s 1 1 0 0.0
1576115703289 0 s 1 1 0 0.0
1576115703297 0 s 1 1 0 0.1
1576115703304 0 s 1 1 0 0.3
1576115703312 0 s 1 1 0 0.3
1576115703319 0 s 1 1 0 0.0
1576115703327 0 s 1 1 0 0.0
1576115703334 0 s 1 1 0 0.0
1576115703342 0 s 1 1 0 0.2
1576115703349 0 s 1 1 0 0.5
1576115703357 0 s 1 1 0 0.3
1576115703364 0 s 1 1 0 0.0
1576115703372 0 s 1 1 0 0.2
1576115703379 0 s 1 1 0 0.3
1576115703387 0 s 1 1 0 0.2
1576115703394 0 s 1 1 0 1.6
1576115703402 0 s 1 1 0 0.3
1576115703409 0 s 1 1 0 0.0
1576115703417 0 s 1 1 0 0.2
1576115703424 0 s 1 1 0 0.3
1576115703432 0 s 1 1 0 0.4
1576115703440 0 s 1 1 0 0.0
1576115703448 0 s 1 1 0 0.4
1576115703456 0 s 1 1 0 0.0
1576115703464 0 s 1 1 0 0.0
1576115703471 0 s 1 1 0 0.1
1576115703479 0 s 1 1 0 0.4
1576115703487 0 s 1 1 0 0.0
1576115703495 0 s 1 1 0 0.4
1576115703502 0 s 1 1 0 0.0
1576115703510 0 s 1 1 0 0.1
1576115703517 0 s 1 1 0 0.1
1576115703525 0 s 1 1 0 0.3
1576115703532 0 s 1 1 0 0.1
1576115703540 0 s 1 1 0 0.4
1576115703547 0 s 1 1 0 0.2
1576115703555 0 s 1 1 0 0.1
1576115703562 0 s 1 1 0 0.1
1576115703570 0 s 1 1 0 0.1
1576115703577 0 s 1 1 0 0.3
1576115703585 0 s 1 1 0 0.0
1576115703592 0 s 1 1 0 0.2
1576115703600 0 s 1 1 0 0.1
1576115703607 0 s 1 1 0 0.2
1576115703615 0 s 1 1 0 0.0
1576115703622 0 s 1 1 0 0.3
1576115703630 0 s 1 1 0 0.1
1576115703637 0 s 1 1 0 0.4
1576115703645 0 s 1 1 0 0.0
1576115703652 0 s 1 1 0 0.4
1576115703660 0 s 1 1 0 0.4
1576115703667 0 s 1 1 0 0.6
1576115703675 0 s 1 1 0 0.0
1576115703682 0 s 1 1 0 0.4
1576115703690 0 s 1 1 0 0.1
1576115703697 0 s 1 1 0 0.2
1576115703705 0 s 1 1 0 0.2
1576115703712 0 s 1 1 0 0.0
1576115703720 0 s 1 1 0 0.1
1576115703727 0 s 1 1 0 0.1
1576115703735 0 s 1 1 0 0.0
1576115703742 0 s 1 1 0 0.0
1576115703749 0 s 1 1 0 0.1
1576115703756 0 s 1 1 0 0.3
1576115703765 0 s 1 1 0 0.0
1576115703773 0 s 1 1 0 0.0
1576115703781 0 s 1 1 0 0.4
1576115703789 0 s 1 1 0 0.0
1576115703797 0 s 1 1 0 0.0
1576115703804 0 s 1 1 0 0.3
1576115703812 0 s 1 1 0 0.0
1576115703819 0 s 1 1 0 0.3
1576115703827 0 s 1 1 0 0.0
1576115703834 0 s 1 1 0 0.4
1576115703842 0 s 1 1 0 0.2
1576115703849 0 s 1 1 0 0.3
1576115703857 0 s 1 1 0 0.3
1576115703864 0 s 1 1 0 0.4
1576115703872 0 s 1 1 0 0.0
1576115703879 0 s 1 1 0 0.0
1576115703887 0 s 1 1 0 0.4
1576115703894 0 s 1 1 0 0.3
1576115703902 0 s 1 1 0 0.0
1576115703910 0 s 1 1 0 0.2
1576115703917 0 s 1 1 0 0.1
1576115703926 0 s 1 1 0 0.0
1576115703935 0 s 1 1 0 0.2
1576115703944 0 s 1 1 0 0.0
1576115703954 0 s 1 1 0 0.0
1576115703962 0 s 1 1 0 0.3
1576115703970 0 s 1 1 0 0.1
1576115703977 0 s 1 1 0 0.1
1576115703985 0 s 1 1 0 1.2
1576115703992 0 s 1 1 0 0.3
1576115704000 0 s 1 1 0 0.3
1576115704008 0 s 1 1 0 0.2
1576115704016 0 s 1 1 0 0.0
1576115704025 0 s 1 1 0 0.0
1576115704033 0 s 1 1 0 0.0
1576115704040 0 s 1 1 0 0.1
1576115704048 0 s 1 1 0 0.3
1576115704055 0 s 1 1 0 0.0
1576115704062 0 s 1 1 0 0.2
1576115704069 0 s 1 1 0 0.1
1576115704077 0 s 1 1 0 0.9
1576115704084 0 s 1 1 0 0.0
1576115704092 0 s 1 1 0 0.1
1576115704099 0 s 1 1 0 0.3
1576115704107 0 s 1 1 0 0.4
1576115704114 0 s 1 1 0 0.0
1576115704122 0 s 1 1 0 0.3
1576115704129 0 s 1 1 0 0.0
1576115704137 0 s 1 1 0 0.2
1576115704144 0 s 1 1 0 0.0
1576115704152 0 s 1 1 0 0.1
1576115704159 0 s 1 1 0 0.2
1576115704167 0 s 1 1 0 0.3
1576115704174 0 s 1 1 0 1.1
1576115704182 0 s 1 1 0 0.0
1576115704189 0 s 1 1 0 0.0
1576115704197 0 s 1 1 0 0.1
1576115704204 0 s 1 1 0 0.4
1576115704213 0 s 1 1 0 0.4
1576115704221 0 s 1 1 0 0.4
1576115704229 0 s 1 1 0 0.1
1576115704236 0 s 1 1 0 0.0
1576115704244 0 s 1 1 0 0.0
1576115704251 0 s 1 1 0 0.4
1576115704259 0 s 1 1 0 0.2
1576115704266 0 s 1 1 0 0.1
1576115704274 0 s 1 1 0 1.7
1576115704281 0 s 1 1 0 0.0
1576115704288 0 s 1 1 0 0.1
1576115704295 0 s 1 1 0 0.0
1576115704303 0 s 1 1 0 0.4
1576115704310 0 s 1 1 0 0.3
1576115704318 0 s 1 1 0 0.0
1576115704325 0 s 1 1 0 0.4
1576115704333 0 s 1 1 0 1.4
1576115704340 0 s 1 1 0 0.0
1576115704348 0 s 1 1 0 0.2
1576115704355 0 s 1 1 0 0.2
1576115704364 0 s 1 1 0 0.0
1576115704371 0 s 1 1 0 0.3
1576115704380 0 s 1 1 0 0.0
1576115704388 0 s 1 1 0 0.1
1576115704396 0 s 1 1 0 0.0
1576115704403 0 s 1 1 0 0.3
1576115704411 0 s 1 1 0 0.1
1576115704418 0 s 1 1 0 0.4
1576115704426 0 s 1 1 0 1.4
1576115704433 0 s 1 1 0 0.2
1576115704441 0 s 1 1 0 0.0
1576115704449 0 s 1 1 0 0.1
1576115704457 0 s 1 1 0 1.4
1576115704464 0 s 1 1 0 0.1
1576115704472 0 s 1 1 0 0.3
1576115704480 0 s 1 1 0 0.0
1576115704489 0 s 1 1 0 0.0
1576115704497 0 s 1 1 0 0.0
1576115704505 0 s 1 1 0 0.1
1576115704513 0 s 1 1 0 0.3
1576115704521 0 s 1 1 0 0.4
1576115704528 0 s 1 1 0 0.0
1576115704536 0 s 1 1 0 0.3
1576115704543 0 s 1 1 0 0.6
1576115704551 0 s 1 1 0 0.4
1576115704558 0 s 1 1 0 0.4
1576115704566 0 s 1 1 0 0.3
1576115704573 0 s 1 1 0 0.4
1576115704581 0 s 1 1 0 0.0
1576115704588 0 s 1 1 0 0.0
1576115704596 0 s 1 1 0 0.2
1576115704603 0 s 1 1 0 0.0
1576115704611 0 s 1 1 0 0.4
1576115704618 0 s 1 1 0 0.1
1576115704626 0 s 1 1 0 0.4
1576115704633 0 s 1 1 0 0.2
1576115704641 0 s 1 1 0 0.4
1576115704648 0 s 1 1 0 0.3
1576115704656 0 s 1 1 0 0.0
1576115704663 0 s 1 1 0 0.3
1576115704671 0 s 1 1 0 0.0
1576115704679 0 s 1 1 0 0.0
1576115704687 0 s 1 1 0 0.0
1576115704695 0 s 1 1 0 0.1
1576115704703 0 s 1 1 0 0.4
1576115704711 0 s 1 1 0 0.4
1576115704720 0 s 1 1 0 0.3
1576115704728 0 s 1 1 0 0.0
1576115704736 0 s 1 1 0 0.4
1576115704743 0 s 1 1 0 0.0
1576115704751 0 s 1 1 0 0.4
1576115704758 0 s 1 1 0 1.4
1576115704766 0 s 1 1 0 0.0
1576115704773 0 s 1 1 0 0.4
1576115704781 0 s 1 1 0 0.1
1576115704788 0 s 1 1 0 0.2
1576115704796 0 s 1 1 0 0.0
1576115704803 0 s 1 1 0 0.3
1576115704811 0 s 1 1 0 0.4
1576115704818 0 s 1 1 0 0.1
1576115704826 0 s 1 1 0 0.0
1576115704833 0 s 1 1 0 0.4
1576115704840 0 s 1 1 0 0.2
1576115704847 0 s 1 1 0 0.4
