time trial serPNS triggered inRewardWin zPOI
1559506325764 0 s 1 0 0.0
1559506325771 0 s 1 0 1.0
1559506325777 0 s 1 0 0.8
1559506325784 0 s 1 0 0.0
1559506325792 0 s 1 0 0.4
1559506325799 0 s 1 0 0.1
1559506325806 0 s 1 0 0.2
1559506325813 0 s 1 0 0.5
1559506325820 0 s 1 0 0.1
1559506325827 0 s 1 0 0.1
1559506325833 0 s 1 0 0.1
1559506325841 0 s 1 0 0.7
1559506325848 0 s 1 0 0.4
1559506325855 0 s 1 0 0.2
1559506325862 0 s 1 0 0.1
1559506325869 0 s 1 0 0.1
1559506325876 0 s 1 0 0.3
1559506325883 0 s 1 0 0.6
1559506325890 0 s 1 0 0.4
1559506325897 0 s 1 0 0.1
1559506325904 0 s 1 0 2.3
1559506325911 0 s 1 0 0.4
1559506325917 0 s 1 0 0.1
1559506325924 0 s 1 0 0.2
1559506325930 0 s 1 0 0.1
1559506325936 0 s 1 0 0.1
1559506325942 0 s 1 0 0.3
1559506325948 0 s 1 0 0.0
1559506325954 0 s 1 0 0.0
1559506325960 0 s 1 0 0.4
1559506325966 0 s 1 0 0.0
1559506325972 0 s 1 0 0.1
1559506325978 0 s 1 0 0.6
1559506325985 0 s 1 0 0.1
1559506325992 0 s 1 0 1.0
1559506325999 0 s 1 0 0.3
1559506326006 0 s 1 0 0.3
1559506326013 0 s 1 0 0.4
1559506326020 0 s 1 0 0.2
1559506326027 0 s 1 0 0.0
1559506326034 0 s 1 0 0.9
1559506326041 0 s 1 0 0.4
1559506326047 0 s 1 0 0.5
1559506326054 0 s 1 0 0.6
1559506326061 0 s 1 0 0.0
1559506326067 0 s 1 0 0.1
1559506326073 0 s 1 0 0.1
1559506326079 0 s 1 0 0.2
1559506326085 0 s 1 0 0.2
1559506326091 0 s 1 0 0.2
1559506326097 0 s 1 0 0.4
1559506326103 0 s 1 0 0.0
1559506326109 0 s 1 0 0.5
1559506326116 0 s 1 0 0.2
1559506326123 0 s 1 0 0.1
1559506326129 0 s 1 0 0.1
1559506326136 0 s 1 0 1.4
1559506326142 0 s 1 0 0.3
1559506326148 0 s 1 0 0.2
1559506326154 0 s 1 0 0.3
1559506326160 0 s 1 0 0.1
1559506326166 0 s 1 0 0.9
1559506326172 0 s 1 0 0.7
1559506326179 0 s 1 0 0.4
1559506326185 0 s 1 0 0.2
1559506326191 0 s 1 0 0.6
1559506326197 0 s 1 0 0.1
1559506326203 0 s 1 0 0.0
1559506326209 0 s 1 0 0.0
1559506326215 0 s 1 0 0.1
1559506326221 0 s 1 0 0.2
1559506326227 0 s 1 0 0.1
1559506326233 0 s 1 0 0.5
1559506326240 0 s 1 0 0.9
1559506326247 0 s 1 0 0.1
1559506326254 0 s 1 0 0.3
1559506326260 0 s 1 0 0.9
1559506326266 0 s 1 0 0.1
1559506326272 0 s 1 0 0.1
1559506326278 0 s 1 0 0.0
1559506326284 0 s 1 0 0.1
1559506326290 0 s 1 0 0.6
1559506326296 0 s 1 0 0.1
1559506326302 0 s 1 0 0.0
1559506326308 0 s 1 0 0.3
1559506326314 0 s 1 0 1.2
1559506326320 0 s 1 0 0.6
1559506326326 0 s 1 0 0.6
1559506326332 0 s 1 0 0.5
1559506326338 0 s 1 0 0.0
1559506326345 0 s 1 0 0.1
1559506326352 0 s 1 0 0.1
1559506326359 0 s 1 0 0.1
1559506326366 0 s 1 0 0.6
1559506326373 0 s 1 0 0.3
1559506326379 0 s 1 0 0.0
1559506326386 0 s 1 0 1.2
1559506326393 0 s 1 0 1.3
1559506326400 0 s 1 0 0.3
1559506326407 0 s 1 0 1.3
1559506326413 0 s 1 0 0.0
1559506326419 0 s 1 0 0.0
1559506326425 0 s 1 0 0.7
1559506326431 0 s 1 0 0.1
1559506326437 0 s 1 0 0.0
1559506326443 0 s 1 0 0.1
1559506326449 0 s 1 0 0.1
1559506326455 0 s 1 0 0.3
1559506326461 0 s 1 0 0.5
1559506326467 0 s 1 0 0.2
1559506326473 0 s 1 0 0.7
1559506326479 0 s 1 0 0.2
1559506326485 0 s 1 0 0.0
1559506326491 0 s 1 0 0.3
1559506326497 0 s 1 0 0.2
1559506326503 0 s 1 0 0.1
1559506326509 0 s 1 0 0.1
1559506326515 0 s 1 0 0.1
1559506326521 0 s 1 0 1.2
1559506326527 0 s 1 0 0.1
1559506326533 0 s 1 0 0.3
1559506326539 0 s 1 0 0.3
1559506326545 0 s 1 0 0.4
1559506326551 0 s 1 0 0.0
1559506326557 0 s 1 0 0.2
1559506326563 0 s 1 0 0.5
1559506326569 0 s 1 0 0.3
1559506326575 0 s 1 0 0.4
1559506326581 0 s 1 0 0.2
1559506326587 0 s 1 0 0.1
1559506326593 0 s 1 0 0.3
1559506326599 0 s 1 0 0.1
1559506326605 0 s 1 0 0.7
1559506326611 0 s 1 0 0.3
1559506326617 0 s 1 0 0.1
1559506326623 0 s 1 0 0.1
1559506326629 0 s 1 0 1.0
1559506326635 0 s 1 0 0.3
1559506326641 0 s 1 0 1.3
1559506326647 0 s 1 0 0.3
1559506326653 0 s 1 0 0.2
1559506326659 0 s 1 0 0.3
1559506326665 0 s 1 0 0.3
1559506326671 0 s 1 0 0.4
1559506326677 0 s 1 0 0.1
1559506326683 0 s 1 0 0.1
1559506326689 0 s 1 0 0.3
1559506326695 0 s 1 0 1.2
1559506326701 0 s 1 0 0.0
1559506326707 0 s 1 0 0.1
1559506326713 0 s 1 0 0.3
1559506326719 0 s 1 0 0.4
1559506326725 0 s 1 0 0.1
1559506326731 0 s 1 0 0.2
1559506326737 0 s 1 0 0.1
1559506326743 0 s 1 0 0.3
1559506326749 0 s 1 0 0.0
1559506326755 0 s 1 0 0.1
1559506326761 0 s 1 0 0.3
1559506326767 0 s 1 0 0.3
1559506326773 0 s 1 0 0.8
1559506326779 0 s 1 0 0.4
1559506326785 0 s 1 0 0.0
1559506326791 0 s 1 0 0.2
1559506326797 0 s 1 0 0.3
1559506326803 0 s 1 0 1.2
1559506326809 0 s 1 0 0.2
1559506326815 0 s 1 0 0.4
1559506326821 0 s 1 0 0.2
1559506326827 0 s 1 0 0.2
1559506326833 0 s 1 0 0.2
1559506326839 0 s 1 0 0.1
1559506326846 0 s 1 0 0.0
1559506326852 0 s 1 0 0.6
1559506326858 0 s 1 0 0.2
1559506326864 0 s 1 0 0.4
1559506326870 0 s 1 0 0.1
1559506326876 0 s 1 0 0.1
1559506326882 0 s 1 0 0.1
1559506326888 0 s 1 0 0.7
1559506326894 0 s 1 0 0.3
1559506326900 0 s 1 0 0.7
1559506326906 0 s 1 0 0.0
1559506326912 0 s 1 0 0.1
1559506326918 0 s 1 0 0.0
1559506326924 0 s 1 0 0.4
1559506326930 0 s 1 0 0.1
1559506326936 0 s 1 0 0.6
1559506326942 0 s 1 0 0.4
1559506326948 0 s 1 0 0.5
1559506326954 0 s 1 0 0.2
1559506326960 0 s 1 0 0.7
1559506326966 0 s 1 0 0.2
1559506326972 0 s 1 0 0.1
1559506326978 0 s 1 0 0.4
1559506326984 0 s 1 0 0.0
1559506326990 0 s 1 0 0.0
1559506326996 0 s 1 0 0.5
1559506327002 0 s 1 0 0.2
1559506327008 0 s 1 0 0.1
1559506327014 0 s 1 0 0.2
1559506327020 0 s 1 0 0.4
1559506327026 0 s 1 0 0.1
1559506327032 0 s 1 0 0.2
1559506327038 0 s 1 0 0.1
1559506327044 0 s 1 0 0.1
1559506327050 0 s 1 0 0.3
1559506327056 0 s 1 0 0.1
1559506327062 0 s 1 0 0.3
1559506327068 0 s 1 0 0.0
1559506327074 0 s 1 0 0.1
1559506327080 0 s 1 0 0.6
1559506327086 0 s 1 0 0.4
1559506327092 0 s 1 0 0.3
1559506327098 0 s 1 0 0.2
1559506327104 0 s 1 0 0.1
1559506327110 0 s 1 0 0.2
1559506327116 0 s 1 0 0.3
1559506327122 0 s 1 0 0.2
1559506327128 0 s 1 0 0.4
1559506327134 0 s 1 0 0.1
1559506327140 0 s 1 0 0.2
1559506327146 0 s 1 0 0.1
1559506327152 0 s 1 0 0.2
1559506327158 0 s 1 0 0.8
1559506327164 0 s 1 0 0.1
1559506327170 0 s 1 0 0.1
1559506327176 0 s 1 0 0.8
1559506327182 0 s 1 0 0.0
1559506327188 0 s 1 0 0.2
1559506327194 0 s 1 0 0.3
1559506327200 0 s 1 0 1.6
1559506327206 0 s 1 0 0.3
1559506327212 0 s 1 0 0.0
1559506327218 0 s 1 0 0.2
1559506327224 0 s 1 0 1.7
1559506327230 0 s 1 0 0.3
1559506327236 0 s 1 0 0.3
1559506327242 0 s 1 0 0.8
1559506327248 0 s 1 0 0.4
1559506327254 0 s 1 0 0.1
1559506327260 0 s 1 0 0.4
1559506327266 0 s 1 0 0.6
1559506327272 0 s 1 0 0.1
1559506327278 0 s 1 0 0.3
1559506327284 0 s 1 0 0.1
1559506327290 0 s 1 0 0.3
1559506327296 0 s 1 0 0.3
1559506327302 0 s 1 0 0.0
1559506327308 0 s 1 0 0.1
1559506327314 0 s 1 0 0.4
1559506327320 0 s 1 0 0.4
1559506327326 0 s 1 0 1.2
1559506327332 0 s 1 0 0.1
1559506327338 0 s 1 0 0.5
1559506327344 0 s 1 0 0.1
1559506327351 0 s 1 0 0.4
1559506327357 0 s 1 0 0.1
1559506327363 0 s 1 0 0.0
1559506327369 0 s 1 0 0.8
1559506327375 0 s 1 0 0.9
1559506327381 0 s 1 0 0.1
1559506327387 0 s 1 0 0.0
1559506327393 0 s 1 0 0.8
1559506327399 0 s 1 0 0.1
1559506327405 0 s 1 0 0.3
1559506327411 0 s 1 0 1.7
1559506327417 0 s 1 0 0.3
1559506327423 0 s 1 0 0.2
1559506327429 0 s 1 0 0.3
1559506327435 0 s 1 0 0.1
1559506327441 0 s 1 0 1.6
1559506327447 0 s 1 0 0.1
1559506327453 0 s 1 0 0.1
1559506327459 0 s 1 0 0.1
1559506327465 0 s 1 0 0.1
1559506327471 0 s 1 0 0.1
1559506327477 0 s 1 0 0.1
1559506327483 0 s 1 0 0.3
1559506327489 0 s 1 0 0.4
1559506327495 0 s 1 0 0.1
1559506327501 0 s 1 0 0.1
1559506327507 0 s 1 0 0.1
1559506327513 0 s 1 0 0.1
1559506327519 0 s 1 0 0.3
1559506327525 0 s 1 0 0.7
1559506327531 0 s 1 0 0.0
1559506327537 0 s 1 0 1.7
1559506327543 0 s 1 0 0.1
1559506327549 0 s 1 0 0.4
1559506327555 0 s 1 0 0.1
1559506327561 0 s 1 0 1.0
1559506327567 0 s 1 0 0.1
1559506327573 0 s 1 0 0.0
1559506327579 0 s 1 0 0.6
1559506327585 0 s 1 0 0.1
1559506327591 0 s 1 0 0.1
1559506327597 0 s 1 0 0.2
1559506327603 0 s 1 0 0.6
1559506327609 0 s 1 0 0.7
1559506327615 0 s 1 0 0.1
1559506327621 0 s 1 0 0.4
1559506327627 0 s 1 0 0.1
1559506327633 0 s 1 0 0.5
1559506327639 0 s 1 0 0.1
1559506327645 0 s 1 0 1.2
1559506327651 0 s 1 0 0.7
1559506327657 0 s 1 0 0.3
1559506327663 0 s 1 0 0.6
1559506327669 0 s 1 0 0.6
1559506327675 0 s 1 0 0.1
1559506327681 0 s 1 0 0.1
1559506327687 0 s 1 0 0.6
1559506327693 0 s 1 0 0.3
1559506327699 0 s 1 0 0.0
1559506327705 0 s 1 0 0.1
1559506327711 0 s 1 0 0.7
1559506327717 0 s 1 0 0.1
1559506327723 0 s 1 0 0.4
1559506327729 0 s 1 0 0.1
1559506327735 0 s 1 0 0.1
1559506327741 0 s 1 0 0.3
1559506327747 0 s 1 0 0.6
1559506327753 0 s 1 0 0.9
1559506327759 0 s 1 0 0.0
1559506327765 0 s 1 0 0.2
1559506327771 0 s 1 0 0.3
1559506327777 0 s 1 0 0.1
1559506327783 0 s 1 0 0.1
1559506327789 0 s 1 0 0.4
1559506327795 0 s 1 0 0.5
1559506327801 0 s 1 0 0.1
1559506327807 0 s 1 0 1.0
1559506327813 0 s 1 0 0.5
1559506327819 0 s 1 0 1.0
1559506327825 0 s 1 0 0.0
1559506327831 0 s 1 0 0.3
1559506327837 0 s 1 0 0.4
1559506327843 0 s 1 0 0.9
1559506327849 0 s 1 0 0.1
1559506327856 0 s 1 0 1.4
1559506327862 0 s 1 0 0.1
1559506327868 0 s 1 0 0.7
1559506327874 0 s 1 0 1.7
1559506327880 0 s 1 0 0.3
1559506327886 0 s 1 0 0.1
1559506327892 0 s 1 0 0.1
1559506327898 0 s 1 0 1.0
1559506327904 0 s 1 0 0.1
1559506327910 0 s 1 0 0.1
1559506327916 0 s 1 0 0.0
1559506327922 0 s 1 0 0.2
1559506327928 0 s 1 0 0.2
1559506327934 0 s 1 0 0.6
1559506327940 0 s 1 0 0.3
1559506327946 0 s 1 0 0.3
1559506327952 0 s 1 0 0.4
1559506327958 0 s 1 0 0.1
1559506327964 0 s 1 0 0.3
1559506327970 0 s 1 0 0.9
1559506327976 0 s 1 0 0.1
1559506327982 0 s 1 0 0.6
1559506327988 0 s 1 0 0.4
1559506327994 0 s 1 0 0.1
1559506328000 0 s 1 0 0.1
1559506328006 0 s 1 0 0.2
1559506328012 0 s 1 0 0.3
1559506328018 0 s 1 0 0.3
1559506328024 0 s 1 0 0.2
1559506328030 0 s 1 0 0.2
1559506328036 0 s 1 0 0.2
1559506328042 0 s 1 0 0.2
1559506328048 0 s 1 0 0.1
1559506328054 0 s 1 0 1.0
1559506328060 0 s 1 0 0.8
1559506328066 0 s 1 0 0.7
1559506328072 0 s 1 0 0.3
1559506328078 0 s 1 0 0.3
1559506328084 0 s 1 0 0.7
1559506328090 0 s 1 0 0.8
1559506328096 0 s 1 0 0.1
1559506328102 0 s 1 0 0.7
1559506328108 0 s 1 0 0.1
1559506328114 0 s 1 0 0.5
1559506328120 0 s 1 0 0.1
1559506328126 0 s 1 0 0.1
1559506328132 0 s 1 0 0.1
1559506328138 0 s 1 0 0.1
1559506328144 0 s 1 0 0.3
1559506328150 0 s 1 0 1.2
1559506328156 0 s 1 0 0.0
1559506328162 0 s 1 0 0.6
1559506328168 0 s 1 0 0.2
1559506328174 0 s 1 0 0.2
1559506328180 0 s 1 0 0.0
1559506328186 0 s 1 0 0.1
1559506328192 0 s 1 0 0.3
1559506328198 0 s 1 0 0.1
1559506328204 0 s 1 0 0.2
1559506328210 0 s 1 0 0.1
1559506328216 0 s 1 0 0.5
1559506328222 0 s 1 0 0.4
1559506328228 0 s 1 0 0.1
1559506328234 0 s 1 0 0.1
1559506328240 0 s 1 0 0.4
1559506328246 0 s 1 0 0.2
1559506328252 0 s 1 0 0.7
1559506328258 0 s 1 0 0.1
1559506328264 0 s 1 0 0.2
1559506328270 0 s 1 0 0.5
1559506328276 0 s 1 0 0.1
1559506328282 0 s 1 0 0.1
1559506328288 0 s 1 0 0.3
1559506328294 0 s 1 0 0.3
1559506328300 0 s 1 0 0.1
1559506328306 0 s 1 0 0.1
1559506328312 0 s 1 0 0.6
1559506328318 0 s 1 0 0.1
1559506328324 0 s 1 0 0.0
1559506328330 0 s 1 0 0.1
1559506328336 0 s 1 0 0.1
1559506328342 0 s 1 0 0.1
1559506328348 0 s 1 0 0.6
1559506328354 0 s 1 0 0.6
1559506328361 0 s 1 0 0.1
1559506328367 0 s 1 0 0.2
1559506328373 0 s 1 0 0.1
1559506328379 0 s 1 0 0.3
1559506328385 0 s 1 0 0.1
1559506328391 0 s 1 0 0.3
1559506328397 0 s 1 0 0.7
1559506328403 0 s 1 0 0.2
1559506328409 0 s 1 0 0.2
1559506328415 0 s 1 0 0.5
1559506328421 0 s 1 0 0.0
1559506328427 0 s 1 0 0.9
1559506328433 0 s 1 0 0.0
1559506328439 0 s 1 0 0.1
1559506328445 0 s 1 0 0.1
1559506328451 0 s 1 0 0.2
1559506328457 0 s 1 0 0.1
1559506328463 0 s 1 0 0.8
1559506328469 0 s 1 0 0.1
1559506328475 0 s 1 0 0.1
1559506328481 0 s 1 0 0.3
1559506328487 0 s 1 0 0.8
1559506328493 0 s 1 0 0.1
1559506328499 0 s 1 0 0.1
1559506328505 0 s 1 0 0.0
1559506328511 0 s 1 0 0.4
1559506328517 0 s 1 0 0.1
1559506328523 0 s 1 0 0.3
1559506328529 0 s 1 0 0.2
1559506328535 0 s 1 0 0.2
1559506328541 0 s 1 0 0.2
1559506328547 0 s 1 0 0.1
1559506328553 0 s 1 0 0.1
1559506328559 0 s 1 0 0.1
1559506328565 0 s 1 0 0.1
1559506328571 0 s 1 0 0.1
1559506328577 0 s 1 0 0.1
1559506328583 0 s 1 0 0.2
1559506328589 0 s 1 0 0.5
1559506328595 0 s 1 0 0.1
1559506328601 0 s 1 0 0.4
1559506328607 0 s 1 0 0.9
1559506328613 0 s 1 0 0.9
1559506328619 0 s 1 0 0.9
1559506328625 0 s 1 0 0.1
1559506328631 0 s 1 0 0.6
1559506328637 0 s 1 0 0.3
1559506328643 0 s 1 0 0.4
1559506328649 0 s 1 0 0.0
1559506328655 0 s 1 0 0.4
1559506328661 0 s 1 0 0.3
1559506328667 0 s 1 0 0.1
1559506328673 0 s 1 0 0.1
1559506328679 0 s 1 0 1.4
1559506328685 0 s 1 0 0.4
1559506328691 0 s 1 0 0.4
1559506328697 0 s 1 0 0.2
1559506328703 0 s 1 0 1.7
1559506328709 0 s 1 0 0.0
1559506328715 0 s 1 0 0.4
1559506328721 0 s 1 0 0.5
1559506328727 0 s 1 0 0.1
1559506328733 0 s 1 0 0.1
1559506328739 0 s 1 0 0.6
1559506328746 0 s 1 0 0.1
1559506328752 0 s 1 0 0.3
1559506328758 0 s 1 0 0.0
1559506328764 0 s 1 0 0.5
1559506328770 0 s 1 0 0.1
1559506328776 0 s 1 0 0.1
1559506328782 0 s 1 0 0.1
1559506328788 0 s 1 0 0.2
1559506328794 0 s 1 0 0.1
1559506328800 0 s 1 0 0.1
1559506328806 0 s 1 0 0.1
1559506328812 0 s 1 0 0.4
1559506328818 0 s 1 0 0.1
1559506328824 0 s 1 0 1.4
1559506328830 0 s 1 0 0.4
1559506328836 0 s 1 0 0.1
1559506328842 0 s 1 0 0.4
1559506328848 0 s 1 0 0.3
1559506328854 0 s 1 0 0.5
1559506328860 0 s 1 0 0.7
1559506328867 0 s 1 0 0.1
1559506328874 0 s 1 0 0.1
1559506328881 0 s 1 0 0.3
1559506328887 0 s 1 0 0.4
1559506328893 0 s 1 0 0.1
1559506328899 0 s 1 0 0.1
1559506328905 0 s 1 0 0.1
1559506328911 0 s 1 0 0.2
1559506328917 0 s 1 0 0.3
1559506328923 0 s 1 0 0.1
1559506328929 0 s 1 0 0.2
1559506328935 0 s 1 0 0.0
1559506328941 0 s 1 0 0.1
1559506328947 0 s 1 0 0.1
1559506328953 0 s 1 0 0.2
1559506328959 0 s 1 0 0.2
1559506328965 0 s 1 0 0.2
1559506328971 0 s 1 0 0.2
1559506328977 0 s 1 0 0.3
1559506328983 0 s 1 0 0.0
1559506328989 0 s 1 0 0.4
1559506328995 0 s 1 0 0.1
1559506329001 0 s 1 0 0.2
1559506329007 0 s 1 0 0.1
1559506329013 0 s 1 0 0.1
1559506329019 0 s 1 0 1.2
1559506329025 0 s 1 0 0.1
1559506329031 0 s 1 0 0.0
1559506329037 0 s 1 0 0.8
1559506329043 0 s 1 0 0.3
1559506329049 0 s 1 0 1.3
1559506329055 0 s 1 0 0.3
1559506329061 0 s 1 0 0.3
1559506329067 0 s 1 0 0.1
1559506329073 0 s 1 0 0.4
1559506329079 0 s 1 0 0.1
1559506329085 0 s 1 0 0.0
1559506329091 0 s 1 0 0.7
1559506329097 0 s 1 0 0.3
1559506329103 0 s 1 0 0.4
1559506329109 0 s 1 0 0.1
1559506329115 0 s 1 0 0.1
1559506329121 0 s 1 0 0.1
1559506329127 0 s 1 0 0.5
1559506329133 0 s 1 0 0.3
1559506329139 0 s 1 0 0.1
1559506329145 0 s 1 0 0.3
1559506329151 0 s 1 0 0.1
1559506329157 0 s 1 0 0.1
1559506329163 0 s 1 0 0.1
1559506329169 0 s 1 0 0.3
1559506329175 0 s 1 0 0.1
1559506329181 0 s 1 0 0.2
1559506329187 0 s 1 0 0.1
1559506329193 0 s 1 0 0.0
1559506329199 0 s 1 0 0.4
1559506329205 0 s 1 0 0.1
1559506329212 0 s 1 0 0.7
1559506329218 0 s 1 0 0.1
1559506329224 0 s 1 0 0.0
1559506329230 0 s 1 0 0.2
1559506329236 0 s 1 0 0.7
1559506329242 0 s 1 0 0.5
1559506329248 0 s 1 0 0.2
1559506329254 0 s 1 0 0.0
1559506329260 0 s 1 0 0.2
1559506329266 0 s 1 0 0.0
1559506329272 0 s 1 0 0.0
1559506329278 0 s 1 0 0.9
1559506329284 0 s 1 0 0.1
1559506329290 0 s 1 0 0.1
1559506329296 0 s 1 0 0.3
1559506329302 0 s 1 0 0.3
1559506329308 0 s 1 0 0.0
1559506329314 0 s 1 0 0.4
1559506329320 0 s 1 0 0.6
1559506329326 0 s 1 0 1.2
1559506329332 0 s 1 0 0.4
1559506329338 0 s 1 0 0.2
1559506329344 0 s 1 0 0.1
1559506329350 0 s 1 0 0.5
1559506329356 0 s 1 0 0.4
1559506329363 0 s 1 0 1.3
1559506329371 0 s 1 0 0.4
1559506329377 0 s 1 0 0.1
1559506329383 0 s 1 0 0.3
1559506329389 0 s 1 0 0.3
1559506329396 0 s 1 0 0.0
1559506329402 0 s 1 0 0.1
1559506329408 0 s 1 0 0.1
1559506329414 0 s 1 0 0.0
1559506329420 0 s 1 0 0.1
1559506329426 0 s 1 0 0.4
1559506329432 0 s 1 0 0.1
1559506329438 0 s 1 0 0.6
1559506329444 0 s 1 0 0.2
1559506329450 0 s 1 0 0.1
1559506329456 0 s 1 0 0.2
1559506329462 0 s 1 0 0.7
1559506329468 0 s 1 0 0.2
1559506329474 0 s 1 0 0.3
1559506329480 0 s 1 0 0.3
1559506329486 0 s 1 0 1.5
1559506329492 0 s 1 0 0.2
1559506329498 0 s 1 0 0.4
1559506329504 0 s 1 0 0.2
1559506329510 0 s 1 0 1.2
1559506329516 0 s 1 0 0.3
1559506329523 0 s 1 0 0.1
1559506329530 0 s 1 0 0.0
1559506329536 0 s 1 0 0.0
1559506329543 0 s 1 0 0.0
1559506329550 0 s 1 0 0.5
1559506329556 0 s 1 0 1.9
1559506329562 0 s 1 0 0.3
1559506329568 0 s 1 0 0.1
1559506329574 0 s 1 0 0.7
1559506329580 0 s 1 0 1.9
1559506329586 0 s 1 0 0.3
1559506329592 0 s 1 0 0.2
1559506329598 0 s 1 0 0.7
1559506329604 0 s 1 0 0.1
1559506329610 0 s 1 0 0.7
1559506329616 0 s 1 0 0.2
1559506329622 0 s 1 0 0.2
1559506329628 0 s 1 0 0.1
1559506329634 0 s 1 0 0.8
1559506329640 0 s 1 0 0.6
1559506329646 0 s 1 0 0.0
1559506329652 0 s 1 0 0.1
1559506329658 0 s 1 0 0.2
1559506329664 0 s 1 0 0.1
1559506329670 0 s 1 0 0.5
1559506329676 0 s 1 0 0.7
1559506329682 0 s 1 0 0.6
1559506329688 0 s 1 0 0.0
1559506329694 0 s 1 0 0.1
1559506329700 0 s 1 0 0.1
1559506329706 0 s 1 0 0.9
1559506329712 0 s 1 0 0.1
1559506329718 0 s 1 0 0.1
1559506329724 0 s 1 0 0.1
1559506329730 0 s 1 0 0.4
1559506329736 0 s 1 0 0.7
1559506329742 0 s 1 0 0.4
1559506329748 0 s 1 0 0.4
1559506329754 0 s 1 0 0.9
1559506329760 0 s 1 0 0.2
1559506329766 0 s 1 0 0.7
1559506329772 0 s 1 0 0.2
1559506329778 0 s 1 0 0.1
1559506329784 0 s 1 0 0.1
1559506329790 0 s 1 0 0.1
1559506329796 0 s 1 0 1.8
1559506329802 0 s 1 0 1.4
1559506329808 0 s 1 0 0.2
1559506329814 0 s 1 0 0.3
1559506329820 0 s 1 0 1.3
1559506329826 0 s 1 0 2.1
1559506329832 0 s 1 0 0.4
1559506329838 0 s 1 0 0.7
1559506329844 0 s 1 0 1.7
1559506329850 0 s 1 0 2.9
1559506329856 0 s 1 0 0.4
1559506329862 0 s 1 0 0.1
1559506329868 0 s 1 0 0.3
1559506329875 0 s 1 0 0.3
1559506329881 0 s 1 0 0.4
1559506329887 0 s 1 0 0.7
1559506329893 0 s 1 0 0.3
1559506329899 0 s 1 0 0.5
1559506329905 0 s 1 0 0.1
1559506329911 0 s 1 0 0.4
1559506329917 0 s 1 0 0.1
1559506329923 0 s 1 0 0.7
1559506329929 0 s 1 0 0.2
1559506329935 0 s 1 0 0.3
1559506329941 0 s 1 0 0.1
1559506329947 0 s 1 0 0.9
1559506329953 0 s 1 0 1.3
1559506329959 0 s 1 0 0.1
1559506329965 0 s 1 0 0.2
1559506329971 0 s 1 0 0.2
1559506329977 0 s 1 0 0.4
1559506329983 0 s 1 0 1.0
1559506329989 0 s 1 0 0.2
1559506329995 0 s 1 0 0.4
1559506330001 0 s 1 0 0.4
1559506330007 0 s 1 0 0.1
1559506330013 0 s 1 0 0.3
1559506330019 0 s 1 0 0.2
1559506330025 0 s 1 0 0.4
1559506330031 0 s 1 0 0.9
1559506330037 0 s 1 0 0.7
1559506330043 0 s 1 0 0.6
1559506330049 0 s 1 0 0.1
1559506330055 0 s 1 0 0.4
1559506330061 0 s 1 0 0.2
1559506330067 0 s 1 0 0.0
1559506330073 0 s 1 0 1.0
1559506330079 0 s 1 0 0.1
1559506330085 0 s 1 0 0.3
1559506330091 0 s 1 0 0.2
1559506330097 0 s 1 0 1.2
1559506330103 0 s 1 0 0.6
1559506330109 0 s 1 0 1.2
1559506330115 0 s 1 0 1.2
1559506330121 0 s 1 0 0.3
1559506330127 0 s 1 0 0.4
1559506330133 0 s 1 0 0.1
1559506330139 0 s 1 0 0.3
1559506330145 0 s 1 0 1.3
1559506330151 0 s 1 0 0.4
1559506330157 0 s 1 0 0.1
1559506330163 0 s 1 0 1.2
1559506330169 0 s 1 0 0.4
1559506330175 0 s 1 0 0.2
1559506330181 0 s 1 0 0.1
1559506330187 0 s 1 0 0.4
1559506330193 0 s 1 0 0.4
1559506330199 0 s 1 0 0.6
1559506330205 0 s 1 0 0.7
1559506330211 0 s 1 0 0.7
1559506330217 0 s 1 0 0.3
1559506330223 0 s 1 0 0.8
1559506330229 0 s 1 0 0.1
1559506330235 0 s 1 0 0.1
1559506330241 0 s 1 0 0.2
1559506330247 0 s 1 0 0.7
1559506330253 0 s 1 0 0.9
1559506330259 0 s 1 0 2.1
1559506330265 0 s 1 0 0.1
1559506330271 0 s 1 0 0.0
1559506330277 0 s 1 0 0.3
1559506330283 0 s 1 0 0.1
1559506330289 0 s 1 0 0.5
1559506330295 0 s 1 0 0.9
1559506330301 0 s 1 0 0.6
1559506330307 0 s 1 0 32.6
1559506330313 0 r 1 0 10.2
1559506330319 0 r 1 0 23.4
1559506330325 0 r 1 0 27.3
1559506330331 0 r 1 0 28.4
1559506330337 0 r 1 0 26.8
1559506330343 0 r 1 0 50.5
1559506330349 0 r 1 0 23.6
1559506330355 0 r 1 0 31.1
1559506330361 0 r 1 0 24.5
1559506330367 0 r 1 0 90.1
1559506330373 0 r 1 0 133.2
1559506330380 0 r 1 0 128.9
1559506330387 0 r 1 0 149.3
1559506330394 0 r 1 0 199.8
1559506330400 0 r 1 0 269.8
1559506330406 0 r 1 0 200.1
1559506330413 0 r 1 0 207.5
1559506330419 0 r 1 0 265.3
1559506330425 0 r 1 0 332.2
1559506330431 0 r 1 0 282.0
1559506330437 0 r 1 0 267.8
1559506330443 0 r 1 0 282.0
1559506330449 0 r 1 0 338.2
1559506330455 0 r 1 0 343.3
1559506330461 0 r 1 0 382.8
1559506330467 0 r 1 0 378.3
1559506330473 0 r 1 0 348.3
1559506330479 0 r 1 0 382.9
1559506330485 0 r 1 0 336.0
1559506330491 0 r 1 0 329.0
1559506330497 0 r 1 0 371.3
1559506330503 0 r 1 0 324.2
1559506330509 0 r 1 0 264.1
1559506330515 0 r 1 0 320.6
1559506330521 0 r 1 0 195.9
1559506330527 0 r 1 0 211.0
1559506330533 0 r 1 0 222.8
1559506330539 0 r 1 0 193.7
1559506330545 0 r 1 0 158.4
1559506330551 0 r 1 0 117.1
1559506330557 0 r 1 0 115.6
1559506330563 0 r 1 0 121.3
1559506330569 0 r 1 0 97.9
1559506330575 0 r 1 0 93.0
1559506330581 0 r 1 0 93.1
1559506330587 0 r 1 0 66.9
1559506330593 0 r 1 0 100.5
1559506330599 0 r 1 0 73.0
1559506330605 0 r 1 0 79.7
1559506330611 0 r 1 0 70.9
1559506330617 0 r 1 0 79.4
1559506330623 0 r 1 0 75.2
1559506330629 0 r 1 0 44.9
1559506330635 0 r 1 0 74.1
1559506330641 0 r 1 0 72.3
1559506330647 0 r 1 0 54.0
1559506330653 0 r 1 0 50.2
1559506330659 0 r 1 0 49.0
1559506330665 0 r 1 0 89.3
1559506330671 0 r 1 0 72.9
1559506330677 0 r 1 0 17.0
1559506330683 0 r 1 0 29.8
1559506330689 0 r 1 0 37.8
1559506330695 0 r 1 0 36.0
1559506330701 0 r 1 0 65.0
1559506330707 0 r 1 0 64.6
1559506330713 0 r 1 0 92.3
1559506330719 0 r 1 0 88.4
1559506330725 0 r 1 0 98.1
1559506330731 0 r 1 0 131.4
1559506330737 0 r 1 0 100.3
1559506330743 0 r 1 0 162.4
1559506330749 0 r 1 0 165.6
1559506330755 0 r 1 0 167.2
1559506330761 0 r 1 0 160.6
1559506330767 0 r 1 0 175.1
1559506330773 0 r 1 0 168.1
1559506330779 0 r 1 0 180.1
1559506330785 0 r 1 0 147.9
1559506330791 0 r 1 0 217.6
1559506330797 0 r 1 0 198.3
1559506330803 0 r 1 0 198.2
1559506330809 0 r 1 0 211.7
1559506330815 0 r 1 0 194.4
1559506330821 0 r 1 0 186.8
1559506330827 0 r 1 0 211.1
1559506330833 0 r 1 0 175.6
1559506330839 0 r 1 0 189.0
1559506330845 0 r 1 0 206.7
1559506330851 0 r 1 0 186.5
1559506330857 0 r 1 0 192.9
1559506330863 0 r 1 0 175.0
1559506330869 0 r 1 0 196.0
1559506330875 0 r 1 0 177.6
1559506330882 0 r 1 0 196.0
1559506330888 0 r 1 0 158.4
1559506330894 0 r 1 0 127.1
1559506330900 0 r 1 0 169.9
1559506330906 0 r 1 0 127.7
1559506330912 0 r 1 0 104.2
1559506330918 0 r 1 0 116.4
1559506330924 0 r 1 0 78.9
1559506330930 0 r 1 0 97.9
1559506330936 0 r 1 0 104.1
1559506330942 0 r 1 0 134.0
1559506330948 0 r 1 0 134.9
1559506330954 0 r 1 0 162.4
1559506330960 0 r 1 0 130.4
1559506330966 0 r 1 0 130.5
1559506330972 0 r 1 0 138.4
1559506330978 0 r 1 0 127.6
1559506330984 0 r 1 0 151.8
1559506330990 0 r 1 0 147.6
1559506330996 0 r 1 0 129.4
1559506331002 0 r 1 0 133.8
1559506331008 0 r 1 0 126.5
1559506331014 0 r 1 0 103.6
1559506331020 0 r 1 0 174.3
1559506331026 0 r 1 0 211.4
1559506331032 0 r 1 0 161.4
1559506331038 0 r 1 0 159.4
1559506331044 0 r 1 0 125.4
1559506331050 0 r 1 0 141.7
1559506331056 0 r 1 0 158.8
1559506331062 0 r 1 0 200.3
1559506331068 0 r 1 0 109.1
1559506331074 0 r 1 0 147.4
1559506331080 0 r 1 0 127.5
1559506331086 0 r 1 0 175.1
1559506331092 0 r 1 0 131.4
1559506331098 0 r 1 0 194.0
1559506331104 0 r 1 0 148.4
1559506331110 0 r 1 0 152.4
1559506331116 0 r 1 0 162.2
1559506331122 0 r 1 0 169.8
1559506331128 0 r 1 0 138.3
1559506331134 0 r 1 0 169.9
1559506331140 0 r 1 0 189.0
1559506331146 0 r 1 0 197.1
1559506331152 0 r 1 0 180.7
1559506331158 0 r 1 0 182.4
1559506331164 0 r 1 0 127.9
1559506331170 0 r 1 0 197.1
1559506331176 0 r 1 0 167.0
1559506331182 0 r 1 0 187.8
1559506331188 0 r 1 0 161.6
1559506331194 0 r 1 0 182.7
1559506331200 0 r 1 0 175.2
1559506331206 0 r 1 0 147.7
1559506331212 0 r 1 0 129.5
1559506331218 0 r 1 0 134.3
1559506331224 0 r 1 0 114.9
1559506331230 0 r 1 0 75.2
1559506331236 0 r 1 0 106.3
1559506331242 0 r 1 0 42.9
1559506331248 0 r 1 0 38.2
1559506331254 0 r 1 0 30.6
1559506331260 0 r 1 0 39.9
1559506331266 0 r 1 0 25.8
1559506331272 0 r 1 0 41.9
1559506331278 0 r 1 0 34.8
1559506331284 0 r 1 0 54.0
1559506331290 0 r 1 0 48.0
1559506331296 0 r 1 0 96.5
1559506331302 0 r 1 0 74.8
1559506331308 0 r 1 0 178.1
1559506331314 0 r 1 0 201.2
1559506331320 0 r 1 0 184.3
1559506331326 0 r 1 0 243.0
1559506331332 0 r 1 0 133.8
1559506331338 0 r 1 0 5.3
1559506331344 0 r 1 0 10.7
1559506331350 0 r 1 0 4.9
1559506331356 0 r 1 0 0.1
1559506331362 0 r 1 0 0.0
1559506331368 0 r 1 0 0.2
1559506331375 0 r 1 0 0.3
1559506331381 0 r 1 0 0.2
1559506331388 0 r 1 0 0.9
1559506331395 0 r 1 0 1.2
1559506331402 0 r 1 0 0.6
1559506331410 0 r 1 0 0.1
1559506331418 0 r 1 0 0.3
1559506331425 0 r 1 0 1.3
1559506331432 0 r 1 0 0.0
1559506331439 0 r 1 0 0.1
1559506331446 0 r 1 0 1.2
1559506331453 0 r 1 0 2.0
1559506331459 0 r 1 0 0.4
1559506331465 0 r 1 0 1.0
1559506331471 0 r 1 0 0.2
1559506331477 0 r 1 0 0.1
1559506331483 0 r 1 0 1.2
1559506331489 0 r 1 0 0.1
1559506331495 0 r 1 0 0.0
1559506331501 0 r 1 0 3.4
1559506331507 0 r 1 0 0.4
1559506331514 0 r 1 0 0.7
1559506331521 0 r 1 0 0.0
1559506331528 0 r 1 0 0.0
1559506331535 0 r 1 0 0.4
1559506331541 0 r 1 0 1.0
1559506331547 0 r 1 0 0.1
1559506331553 0 r 1 0 0.3
1559506331559 0 r 1 0 0.1
1559506331565 0 r 1 0 3.3
1559506331572 0 r 1 0 0.1
1559506331579 0 r 1 0 0.1
1559506331586 0 r 1 0 0.1
1559506331592 0 r 1 0 0.2
1559506331598 0 r 1 0 0.1
1559506331604 0 r 1 0 0.1
1559506331611 0 r 1 0 0.2
1559506331617 0 r 1 0 1.7
1559506331624 0 r 1 0 0.8
1559506331631 0 r 1 0 0.2
1559506331638 0 r 1 0 1.2
1559506331645 0 r 1 0 0.7
1559506331652 0 r 1 0 0.1
1559506331659 0 r 1 0 0.4
1559506331665 0 r 1 0 0.7
1559506331672 0 r 1 0 1.0
1559506331679 0 r 1 0 0.4
1559506331685 0 r 1 0 0.0
1559506331691 0 r 1 0 0.4
1559506331698 0 r 1 0 5.6
1559506331705 0 r 1 0 12.9
1559506331711 0 r 1 0 23.3
1559506331717 0 r 1 0 23.9
1559506331724 0 r 1 0 19.5
1559506331730 0 r 1 0 26.7
1559506331737 0 r 1 0 27.2
1559506331743 0 r 1 0 18.4
1559506331749 0 r 1 0 19.4
1559506331755 0 r 1 0 11.4
1559506331761 0 r 1 0 7.5
1559506331768 0 r 1 0 115.7
1559506331774 0 r 1 0 147.9
1559506331781 0 r 1 0 184.7
1559506331787 0 r 1 0 220.2
1559506331793 0 r 1 0 263.8
1559506331799 0 r 1 0 182.4
1559506331805 0 r 1 0 238.7
1559506331811 0 r 1 0 175.6
1559506331817 0 r 1 0 125.0
1559506331824 0 r 1 0 148.8
1559506331831 0 r 1 0 110.4
1559506331838 0 r 1 0 80.1
1559506331845 0 r 1 0 87.3
1559506331852 0 r 1 0 92.6
1559506331858 0 r 1 0 67.6
1559506331865 0 r 1 0 70.2
1559506331871 0 r 1 0 93.4
1559506331877 0 r 1 0 91.5
1559506331883 0 r 1 0 106.7
1559506331890 0 r 1 0 76.3
1559506331897 0 r 1 0 61.4
1559506331904 0 r 1 0 70.9
1559506331911 0 r 1 0 60.8
1559506331917 0 r 1 0 60.5
1559506331923 0 r 1 0 59.1
1559506331929 0 r 1 0 46.6
1559506331935 0 r 1 0 68.9
1559506331941 0 r 1 0 87.3
1559506331947 0 r 1 0 71.8
1559506331953 0 r 1 0 64.6
1559506331959 0 r 1 0 61.8
1559506331966 0 r 1 0 49.0
1559506331972 0 r 1 0 64.6
1559506331978 0 r 1 0 71.0
1559506331985 0 r 1 0 70.4
1559506331991 0 r 1 0 66.9
1559506331997 0 r 1 0 45.7
1559506332003 0 r 1 0 46.5
1559506332010 0 r 1 0 73.2
1559506332017 0 r 1 0 65.3
1559506332024 0 r 1 0 52.6
1559506332031 0 r 1 0 44.1
1559506332038 0 r 1 0 41.9
1559506332044 0 r 1 0 74.8
1559506332050 0 r 1 0 63.3
1559506332058 0 r 1 0 52.7
1559506332065 0 r 1 0 59.3
1559506332072 0 r 1 0 70.3
1559506332078 0 r 1 0 58.2
1559506332084 0 r 1 0 43.6
1559506332091 0 r 1 0 49.8
1559506332097 0 r 1 0 51.0
1559506332103 0 r 1 0 32.0
1559506332109 0 r 1 0 49.4
1559506332115 0 r 1 0 49.1
1559506332121 0 r 1 0 18.4
1559506332127 0 r 1 0 21.9
1559506332133 0 r 1 0 30.3
1559506332139 0 r 1 0 27.2
1559506332145 0 r 1 0 21.2
1559506332151 0 r 1 0 33.5
1559506332157 0 r 1 0 23.4
1559506332163 0 r 1 0 29.2
1559506332169 0 r 1 0 40.9
1559506332175 0 r 1 0 31.1
1559506332181 0 r 1 0 70.5
1559506332187 0 r 1 0 64.0
1559506332193 0 r 1 0 45.3
1559506332199 0 r 1 0 76.3
1559506332205 0 r 1 0 52.6
1559506332211 0 r 1 0 58.2
1559506332217 0 r 1 0 46.7
1559506332223 0 r 1 0 74.8
1559506332229 0 r 1 0 54.4
1559506332235 0 r 1 0 75.3
1559506332241 0 r 1 0 70.3
1559506332247 0 r 1 0 52.8
1559506332253 0 r 1 0 54.4
1559506332259 0 r 1 0 73.5
1559506332265 0 r 1 0 48.7
1559506332271 0 r 1 0 55.9
1559506332277 0 r 1 0 45.3
1559506332283 0 r 1 0 72.1
1559506332289 0 r 1 0 43.9
1559506332295 0 r 1 0 45.4
1559506332301 0 r 1 0 31.7
1559506332307 0 r 1 0 49.7
1559506332313 0 r 1 0 49.8
1559506332319 0 r 1 0 3.1
1559506332325 0 r 1 0 0.3
1559506332331 0 r 1 0 0.4
1559506332337 0 r 1 0 0.1
1559506332343 0 r 1 0 0.1
1559506332349 0 r 1 0 0.4
1559506332355 0 r 1 0 4.3
1559506332361 0 r 1 0 0.1
1559506332367 0 r 1 0 0.1
1559506332373 0 r 1 0 0.7
1559506332379 0 r 1 0 0.9
1559506332385 0 r 1 0 0.7
1559506332392 0 r 1 0 0.1
1559506332399 0 r 1 0 3.1
1559506332406 0 r 1 0 0.7
1559506332413 0 r 1 0 0.4
1559506332419 0 r 1 0 0.4
1559506332425 0 r 1 0 0.1
1559506332431 0 r 1 0 0.1
1559506332437 0 r 1 0 0.1
1559506332443 0 r 1 0 1.2
1559506332450 0 r 1 0 1.7
1559506332456 0 r 1 0 0.3
1559506332462 0 r 1 0 68.2
1559506332468 0 r 1 0 60.0
1559506332474 0 r 1 0 55.8
1559506332480 0 r 1 0 103.6
1559506332486 0 r 1 0 99.1
1559506332492 0 r 1 0 82.8
1559506332498 0 r 1 0 114.3
1559506332504 0 r 1 0 130.9
1559506332510 0 r 1 0 222.4
1559506332516 0 r 1 0 224.3
1559506332522 0 r 1 0 201.8
1559506332528 0 r 1 0 188.8
1559506332534 0 r 1 0 190.2
1559506332540 0 r 1 0 247.1
1559506332546 0 r 1 0 185.9
1559506332552 0 r 1 0 225.5
1559506332558 0 r 1 0 175.2
1559506332564 0 r 1 0 273.1
1559506332570 0 r 1 0 203.0
1559506332576 0 r 1 0 215.0
1559506332582 0 r 1 0 269.0
1559506332588 0 r 1 0 202.2
1559506332594 0 r 1 0 157.5
1559506332600 0 r 1 0 164.8
1559506332606 0 r 1 0 103.6
1559506332612 0 r 1 0 85.6
1559506332618 0 r 1 0 101.2
1559506332624 0 r 1 0 144.1
1559506332630 0 r 1 0 108.0
1559506332636 0 r 1 0 126.6
1559506332642 0 r 1 0 125.6
1559506332648 0 r 1 0 126.8
1559506332654 0 r 1 0 140.9
1559506332660 0 r 1 0 94.2
1559506332666 0 r 1 0 94.0
1559506332672 0 r 1 0 101.2
1559506332678 0 r 1 0 100.9
1559506332684 0 r 1 0 74.8
1559506332690 0 r 1 0 119.2
1559506332696 0 r 1 0 89.7
1559506332702 0 r 1 0 81.1
1559506332708 0 r 1 0 97.4
1559506332714 0 r 1 0 80.0
1559506332720 0 r 1 0 104.5
1559506332726 0 r 1 0 109.1
1559506332732 0 r 1 0 166.3
1559506332738 0 r 1 0 189.4
1559506332744 0 r 1 0 239.6
1559506332750 0 r 1 0 245.3
1559506332756 0 r 1 0 157.9
1559506332762 0 r 1 0 182.2
1559506332768 0 r 1 0 179.2
1559506332774 0 r 1 0 200.0
1559506332780 0 r 1 0 209.8
1559506332786 0 r 1 0 193.4
1559506332792 0 r 1 0 181.1
1559506332798 0 r 1 0 196.0
1559506332805 0 r 1 0 205.1
1559506332812 0 r 1 0 185.9
1559506332819 0 r 1 0 202.4
1559506332826 0 r 1 0 245.9
1559506332833 0 r 1 0 225.8
1559506332840 0 r 1 0 292.7
1559506332847 0 r 1 0 249.8
1559506332854 0 r 1 0 183.1
1559506332861 0 r 1 0 255.8
1559506332867 0 r 1 0 274.4
1559506332874 0 r 1 0 214.5
1559506332882 0 r 1 0 192.8
1559506332890 0 r 1 0 286.0
1559506332897 0 r 1 0 299.7
1559506332904 0 r 1 0 183.7
1559506332911 0 r 1 0 243.1
1559506332918 0 r 1 0 322.6
1559506332925 0 r 1 0 270.4
1559506332932 0 r 1 0 221.5
1559506332939 0 r 1 0 254.9
1559506332945 0 r 1 0 238.8
1559506332951 0 r 1 0 216.2
1559506332957 0 r 1 0 258.0
1559506332964 0 r 1 0 235.7
1559506332971 0 r 1 0 164.9
1559506332977 0 r 1 0 195.3
1559506332983 0 r 1 0 152.5
1559506332990 0 r 1 0 152.8
1559506332996 0 r 1 0 152.5
1559506333002 0 r 1 0 163.7
1559506333008 0 r 1 0 143.5
1559506333015 0 r 1 0 183.1
1559506333022 0 r 1 0 171.9
1559506333028 0 r 1 0 143.5
1559506333034 0 r 1 0 147.5
1559506333040 0 r 1 0 182.0
1559506333047 0 r 1 0 237.2
1559506333053 0 r 1 0 220.2
1559506333060 0 r 1 0 169.1
1559506333066 0 r 1 0 240.5
1559506333072 0 r 1 0 228.2
1559506333078 0 r 1 0 206.2
1559506333084 0 r 1 0 213.3
1559506333091 0 r 1 0 194.8
1559506333097 0 r 1 0 106.2
1559506333104 0 r 1 0 111.5
1559506333111 0 r 1 0 112.3
1559506333118 0 r 1 0 71.6
1559506333125 0 r 1 0 55.8
1559506333131 0 r 1 0 97.9
1559506333137 0 r 1 0 76.1
1559506333143 0 r 1 0 89.0
1559506333149 0 r 1 0 86.8
1559506333155 0 r 1 0 143.1
1559506333161 0 r 1 0 121.1
1559506333167 0 r 1 0 134.0
1559506333173 0 r 1 0 125.0
1559506333179 0 r 1 0 139.1
1559506333185 0 r 1 0 122.2
1559506333191 0 r 1 0 126.1
1559506333197 0 r 1 0 121.1
1559506333203 0 r 1 0 152.6
1559506333210 0 r 1 0 116.4
1559506333217 0 r 1 0 145.7
1559506333224 0 r 1 0 139.9
1559506333230 0 r 1 0 171.3
1559506333236 0 r 1 0 138.8
1559506333243 0 r 1 0 156.6
1559506333250 0 r 1 0 143.3
1559506333256 0 r 1 0 138.8
1559506333263 0 r 1 0 132.0
1559506333269 0 r 1 0 170.6
1559506333275 0 r 1 0 124.8
1559506333281 0 r 1 0 149.2
1559506333288 0 r 1 0 133.8
1559506333295 0 r 1 0 83.2
1559506333302 0 r 1 0 48.0
1559506333309 0 r 1 0 85.6
1559506333316 0 r 1 0 125.4
1559506333323 0 r 1 0 72.2
1559506333329 0 r 1 0 204.9
1559506333335 0 r 1 0 235.9
1559506333341 0 r 1 0 150.7
1559506333347 0 r 1 0 141.1
1559506333353 0 r 1 0 138.9
1559506333359 0 r 1 0 145.3
1559506333365 0 r 1 0 141.8
1559506333371 0 r 1 0 121.1
1559506333377 0 r 1 0 113.5
1559506333383 0 r 1 0 120.5
1559506333389 0 r 1 0 126.8
1559506333395 0 r 1 0 123.3
1559506333402 0 r 1 0 121.0
1559506333409 0 r 1 0 135.5
1559506333416 0 r 1 0 209.9
1559506333422 0 r 1 0 192.9
1559506333428 0 r 1 0 124.9
1559506333434 0 r 1 0 63.5
1559506333440 0 r 1 0 86.1
1559506333446 0 r 1 0 63.5
1559506333452 0 r 1 0 68.6
1559506333458 0 r 1 0 74.8
1559506333464 0 r 1 0 96.4
1559506333470 0 r 1 0 79.3
1559506333476 0 r 1 0 118.5
1559506333482 0 r 1 0 103.6
1559506333489 0 r 1 0 203.6
1559506333496 0 r 1 0 166.8
1559506333503 0 r 1 0 96.4
1559506333510 0 r 1 0 124.9
1559506333517 0 r 1 0 152.6
1559506333524 0 r 1 0 174.1
1559506333531 0 r 1 0 97.9
1559506333538 0 r 1 0 121.7
1559506333545 0 r 1 0 100.2
1559506333552 0 r 1 0 71.5
1559506333559 0 r 1 0 77.5
1559506333566 0 r 1 0 56.0
1559506333573 0 r 1 0 53.1
1559506333580 0 r 1 0 62.0
1559506333587 0 r 1 0 81.7
1559506333595 0 r 1 0 76.9
1559506333603 0 r 1 0 99.1
1559506333610 0 r 1 0 45.0
1559506333617 0 r 1 0 76.1
1559506333624 0 r 1 0 78.9
1559506333631 0 r 1 0 45.1
1559506333638 0 r 1 0 71.5
1559506333645 0 r 1 0 89.6
1559506333652 0 r 1 0 96.5
1559506333659 0 r 1 0 76.9
1559506333666 0 r 1 0 68.2
1559506333672 0 r 1 0 157.2
1559506333678 0 r 1 0 140.4
1559506333684 0 r 1 0 153.1
1559506333690 0 r 1 0 138.8
1559506333696 0 r 1 0 153.3
1559506333702 0 r 1 0 162.1
1559506333709 0 r 1 0 191.4
1559506333716 0 r 1 0 225.3
1559506333722 0 r 1 0 169.1
1559506333728 0 r 1 0 122.3
1559506333734 0 r 1 0 149.9
1559506333740 0 r 1 0 240.2
1559506333747 0 r 1 0 195.0
1559506333754 0 r 1 0 149.7
1559506333761 0 r 1 0 110.0
1559506333768 0 r 1 0 126.1
1559506333775 0 r 1 0 139.5
1559506333781 0 r 1 0 129.3
1559506333788 0 r 1 0 167.4
1559506333795 0 r 1 0 105.7
1559506333801 0 r 1 0 55.5
1559506333807 0 r 1 0 85.4
1559506333814 0 r 1 0 116.6
1559506333821 0 r 1 0 147.6
1559506333828 0 r 1 0 140.4
1559506333835 0 r 1 0 170.6
1559506333841 0 r 1 0 135.4
1559506333848 0 r 1 0 116.6
1559506333855 0 r 1 0 118.5
1559506333862 0 r 1 0 116.4
1559506333869 0 r 1 0 74.8
1559506333876 0 r 1 0 74.8
1559506333883 0 r 1 0 73.5
1559506333889 0 r 1 0 65.5
1559506333895 0 r 1 0 100.6
1559506333902 0 r 1 0 75.0
1559506333909 0 r 1 0 101.3
1559506333915 0 r 1 0 143.1
1559506333922 0 r 1 0 121.1
1559506333929 0 r 1 0 130.5
1559506333935 0 r 1 0 199.5
1559506333941 0 r 1 0 246.0
1559506333947 0 r 1 0 224.7
1559506333953 0 r 1 0 79.6
1559506333959 0 r 1 0 0.1
1559506333965 0 r 1 0 0.1
1559506333971 0 r 1 0 0.1
1559506333977 0 r 1 0 0.4
1559506333983 0 r 1 0 0.1
1559506333989 0 r 1 0 0.1
1559506333995 0 r 1 0 0.4
1559506334001 0 r 1 0 0.4
1559506334007 0 r 1 0 0.1
1559506334013 0 r 1 0 0.4
1559506334019 0 r 1 0 0.1
1559506334025 0 r 1 0 0.2
1559506334031 0 r 1 0 0.1
1559506334037 0 r 1 0 0.7
1559506334043 0 r 1 0 0.6
1559506334049 0 r 1 0 0.7
1559506334055 0 r 1 0 0.7
1559506334061 0 r 1 0 0.0
1559506334067 0 r 1 0 0.4
1559506334074 0 r 1 0 0.1
1559506334081 0 r 1 0 0.1
1559506334088 0 r 1 0 0.9
1559506334095 0 r 1 0 0.4
1559506334101 0 r 1 0 0.3
1559506334108 0 r 1 0 0.4
1559506334114 0 r 1 0 0.6
1559506334120 0 r 1 0 0.3
1559506334126 0 r 1 0 0.3
1559506334132 0 r 1 0 0.3
1559506334138 0 r 1 0 0.6
1559506334145 0 r 1 0 0.1
1559506334152 0 r 1 0 0.5
1559506334159 0 r 1 0 0.9
1559506334166 0 r 1 0 0.0
1559506334173 0 r 1 0 0.2
1559506334180 0 r 1 0 0.3
1559506334187 0 r 1 0 0.1
1559506334194 0 r 1 0 0.1
1559506334201 0 r 1 0 0.1
1559506334207 0 r 1 0 0.1
1559506334213 0 r 1 0 0.8
1559506334220 0 r 1 0 0.3
1559506334227 0 r 1 0 0.3
1559506334234 0 r 1 0 0.1
1559506334240 0 r 1 0 0.0
1559506334247 0 r 1 0 0.4
1559506334253 0 r 1 0 0.2
1559506334259 0 r 1 0 0.2
1559506334265 0 r 1 0 0.2
1559506334271 0 r 1 0 0.3
1559506334277 0 r 1 0 0.1
1559506334283 0 r 1 0 0.2
1559506334289 0 r 1 0 0.1
1559506334296 0 r 1 0 0.0
1559506334302 0 r 1 0 0.1
1559506334309 0 r 1 0 0.1
1559506334315 1 e 0 0 0.3
1559506338384 1 s 1 0 0
1559506338399 1 s 1 0 0.0
1559506338406 1 s 1 0 0.7
1559506338412 1 s 1 0 0.2
1559506338419 1 s 1 0 0.2
1559506338426 1 s 1 0 0.2
1559506338433 1 s 1 0 0.3
1559506338439 1 s 1 0 0.3
1559506338445 1 s 1 0 0.3
1559506338451 1 s 1 0 0.1
1559506338457 1 s 1 0 0.3
1559506338463 1 s 1 0 1.2
1559506338469 1 s 1 0 0.6
1559506338475 1 s 1 0 0.1
1559506338481 1 s 1 0 0.1
1559506338487 1 s 1 0 0.1
1559506338493 1 s 1 0 1.0
1559506338500 1 s 1 0 0.4
1559506338506 1 s 1 0 0.0
1559506338513 1 s 1 0 0.1
1559506338519 1 s 1 0 0.4
1559506338525 1 s 1 0 0.5
1559506338531 1 s 1 0 0.2
1559506338537 1 s 1 0 0.5
1559506338543 1 s 1 0 0.6
1559506338549 1 s 1 0 0.2
1559506338556 1 s 1 0 0.6
1559506338563 1 s 1 0 0.3
1559506338569 1 s 1 0 0.3
1559506338575 1 s 1 0 0.2
1559506338581 1 s 1 0 0.1
1559506338587 1 s 1 0 0.1
1559506338594 1 s 1 0 0.1
1559506338600 1 s 1 0 0.1
1559506338606 1 s 1 0 0.2
1559506338612 1 s 1 0 0.1
1559506338618 1 s 1 0 0.3
1559506338624 1 s 1 0 0.1
1559506338630 1 s 1 0 0.1
1559506338636 1 s 1 0 0.1
1559506338642 1 s 1 0 0.0
1559506338648 1 s 1 0 0.1
1559506338654 1 s 1 0 0.2
1559506338660 1 s 1 0 0.1
1559506338666 1 s 1 0 0.1
1559506338672 1 s 1 0 0.9
1559506338678 1 s 1 0 0.1
1559506338684 1 s 1 0 0.3
1559506338690 1 s 1 0 0.3
1559506338696 1 s 1 0 0.1
1559506338702 1 s 1 0 0.4
1559506338709 1 s 1 0 0.4
1559506338716 1 s 1 0 0.4
1559506338722 1 s 1 0 0.2
1559506338728 1 s 1 0 0.1
1559506338735 1 s 1 0 0.1
1559506338741 1 s 1 0 0.4
1559506338747 1 s 1 0 0.2
1559506338753 1 s 1 0 0.0
1559506338759 1 s 1 0 0.3
1559506338765 1 s 1 0 0.7
1559506338772 1 s 1 0 0.6
1559506338778 1 s 1 0 0.6
1559506338784 1 s 1 0 0.1
1559506338790 1 s 1 0 0.1
1559506338796 1 s 1 0 0.3
1559506338802 1 s 1 0 0.3
1559506338808 1 s 1 0 0.1
1559506338814 1 s 1 0 0.2
1559506338820 1 s 1 0 0.3
1559506338826 1 s 1 0 0.4
1559506338832 1 s 1 0 0.6
1559506338838 1 s 1 0 0.4
1559506338844 1 s 1 0 0.6
1559506338850 1 s 1 0 0.1
1559506338858 1 s 1 0 0.2
1559506338865 1 s 1 0 0.3
1559506338872 1 s 1 0 0.9
1559506338879 1 s 1 0 0.3
1559506338885 1 s 1 0 0.1
1559506338892 1 s 1 0 0.1
1559506338899 1 s 1 0 0.1
1559506338905 1 s 1 0 0.1
1559506338913 1 s 1 0 0.3
1559506338920 1 s 1 0 0.6
1559506338927 1 s 1 0 1.3
1559506338934 1 s 1 0 0.0
1559506338941 1 s 1 0 1.2
1559506338947 1 s 1 0 0.1
1559506338953 1 s 1 0 0.3
1559506338959 1 s 1 0 0.4
1559506338965 1 s 1 0 0.1
1559506338971 1 s 1 0 0.1
1559506338977 1 s 1 0 0.9
1559506338983 1 s 1 0 0.4
1559506338989 1 s 1 0 0.5
1559506338995 1 s 1 0 0.3
1559506339002 1 s 1 0 0.7
1559506339008 1 s 1 0 0.4
1559506339015 1 s 1 0 0.1
1559506339022 1 s 1 0 0.1
1559506339028 1 s 1 0 0.0
1559506339034 1 s 1 0 0.1
1559506339040 1 s 1 0 1.2
1559506339046 1 s 1 0 0.2
1559506339052 1 s 1 0 0.0
1559506339058 1 s 1 0 0.1
1559506339064 1 s 1 0 0.4
1559506339070 1 s 1 0 0.9
1559506339076 1 s 1 0 1.0
1559506339082 1 s 1 0 0.1
1559506339088 1 s 1 0 0.1
1559506339094 1 s 1 0 0.5
1559506339100 1 s 1 0 0.6
1559506339106 1 s 1 0 0.1
1559506339112 1 s 1 0 0.4
1559506339118 1 s 1 0 0.1
1559506339124 1 s 1 0 0.2
1559506339130 1 s 1 0 0.6
1559506339136 1 s 1 0 0.4
1559506339142 1 s 1 0 0.7
1559506339148 1 s 1 0 0.1
1559506339155 1 s 1 0 0.3
1559506339161 1 s 1 0 0.5
1559506339167 1 s 1 0 0.4
1559506339173 1 s 1 0 0.0
1559506339179 1 s 1 0 0.0
1559506339185 1 s 1 0 0.3
1559506339191 1 s 1 0 0.1
1559506339197 1 s 1 0 0.1
1559506339203 1 s 1 0 0.1
1559506339209 1 s 1 0 0.1
1559506339215 1 s 1 0 0.4
1559506339221 1 s 1 0 1.6
1559506339227 1 s 1 0 0.1
1559506339233 1 s 1 0 0.2
1559506339239 1 s 1 0 0.1
1559506339245 1 s 1 0 0.3
1559506339252 1 s 1 0 0.1
1559506339258 1 s 1 0 0.0
1559506339264 1 s 1 0 0.6
1559506339270 1 s 1 0 0.7
1559506339276 1 s 1 0 0.5
1559506339282 1 s 1 0 0.3
1559506339288 1 s 1 0 1.3
1559506339294 1 s 1 0 0.1
1559506339300 1 s 1 0 0.5
1559506339306 1 s 1 0 0.1
1559506339312 1 s 1 0 0.0
1559506339318 1 s 1 0 0.3
1559506339325 1 s 1 0 1.2
1559506339331 1 s 1 0 0.5
1559506339337 1 s 1 0 0.1
1559506339343 1 s 1 0 0.1
1559506339349 1 s 1 0 0.1
1559506339355 1 s 1 0 0.3
1559506339361 1 s 1 0 0.6
1559506339367 1 s 1 0 0.5
1559506339373 1 s 1 0 0.0
1559506339379 1 s 1 0 0.2
1559506339385 1 s 1 0 0.2
1559506339391 1 s 1 0 1.2
1559506339397 1 s 1 0 0.7
1559506339403 1 s 1 0 0.1
1559506339410 1 s 1 0 0.1
1559506339418 1 s 1 0 0.3
1559506339424 1 s 1 0 0.1
1559506339430 1 s 1 0 0.4
1559506339436 1 s 1 0 0.2
1559506339442 1 s 1 0 0.3
1559506339448 1 s 1 0 0.6
1559506339454 1 s 1 0 0.2
1559506339460 1 s 1 0 1.2
1559506339466 1 s 1 0 0.3
1559506339472 1 s 1 0 0.3
1559506339478 1 s 1 0 0.4
1559506339485 1 s 1 0 0.3
1559506339491 1 s 1 0 0.7
1559506339497 1 s 1 0 0.1
1559506339503 1 s 1 0 0.5
1559506339511 1 s 1 0 0.1
1559506339517 1 s 1 0 0.2
1559506339523 1 s 1 0 0.4
1559506339529 1 s 1 0 0.1
1559506339535 1 s 1 0 0.4
1559506339541 1 s 1 0 0.1
1559506339547 1 s 1 0 0.2
1559506339553 1 s 1 0 0.2
1559506339559 1 s 1 0 0.1
1559506339565 1 s 1 0 0.2
1559506339571 1 s 1 0 0.9
1559506339577 1 s 1 0 0.3
1559506339583 1 s 1 0 0.2
1559506339589 1 s 1 0 0.4
1559506339595 1 s 1 0 0.3
1559506339601 1 s 1 0 1.7
1559506339607 1 s 1 0 0.7
1559506339613 1 s 1 0 0.2
1559506339619 1 s 1 0 0.3
1559506339625 1 s 1 0 0.4
1559506339631 1 s 1 0 0.4
1559506339637 1 s 1 0 0.6
1559506339644 1 s 1 0 0.1
1559506339650 1 s 1 0 0.4
1559506339656 1 s 1 0 0.4
1559506339662 1 s 1 0 0.1
1559506339669 1 s 1 0 0.5
1559506339675 1 s 1 0 0.2
1559506339681 1 s 1 0 0.1
1559506339687 1 s 1 0 0.3
1559506339693 1 s 1 0 0.1
1559506339699 1 s 1 0 0.6
1559506339705 1 s 1 0 0.4
1559506339711 1 s 1 0 0.0
1559506339717 1 s 1 0 1.2
1559506339723 1 s 1 0 0.1
1559506339729 1 s 1 0 0.8
1559506339735 1 s 1 0 0.2
1559506339741 1 s 1 0 0.1
1559506339747 1 s 1 0 0.7
1559506339753 1 s 1 0 0.4
1559506339759 1 s 1 0 0.2
1559506339765 1 s 1 0 0.3
1559506339771 1 s 1 0 0.3
1559506339777 1 s 1 0 0.1
1559506339783 1 s 1 0 0.4
1559506339789 1 s 1 0 0.8
1559506339795 1 s 1 0 0.7
1559506339801 1 s 1 0 0.9
1559506339807 1 s 1 0 0.5
1559506339813 1 s 1 0 0.2
1559506339819 1 s 1 0 0.3
1559506339825 1 s 1 0 0.0
1559506339831 1 s 1 0 0.1
1559506339837 1 s 1 0 0.1
1559506339843 1 s 1 0 0.2
1559506339849 1 s 1 0 0.6
1559506339855 1 s 1 0 0.6
1559506339861 1 s 1 0 0.3
1559506339867 1 s 1 0 0.4
1559506339873 1 s 1 0 0.7
1559506339879 1 s 1 0 0.0
1559506339885 1 s 1 0 0.2
1559506339891 1 s 1 0 0.4
1559506339897 1 s 1 0 0.1
1559506339903 1 s 1 0 0.4
1559506339909 1 s 1 0 0.3
1559506339915 1 s 1 0 0.1
1559506339922 1 s 1 0 0.2
1559506339928 1 s 1 0 0.3
1559506339934 1 s 1 0 0.9
1559506339940 1 s 1 0 2.3
1559506339946 1 s 1 0 0.3
1559506339952 1 s 1 0 0.2
1559506339958 1 s 1 0 0.4
1559506339964 1 s 1 0 1.5
1559506339970 1 s 1 0 0.5
1559506339976 1 s 1 0 0.4
1559506339982 1 s 1 0 0.3
1559506339988 1 s 1 0 0.6
1559506339994 1 s 1 0 0.0
1559506340000 1 s 1 0 1.5
1559506340006 1 s 1 0 0.4
1559506340012 1 s 1 0 0.1
1559506340018 1 s 1 0 0.5
1559506340024 1 s 1 0 0.3
1559506340030 1 s 1 0 0.1
1559506340036 1 s 1 0 1.2
1559506340042 1 s 1 0 0.3
1559506340048 1 s 1 0 0.5
1559506340054 1 s 1 0 0.6
1559506340060 1 s 1 0 0.6
1559506340066 1 s 1 0 0.1
1559506340072 1 s 1 0 0.1
1559506340078 1 s 1 0 0.3
1559506340084 1 s 1 0 0.6
1559506340090 1 s 1 0 0.1
1559506340096 1 s 1 0 1.0
1559506340102 1 s 1 0 0.1
1559506340108 1 s 1 0 0.1
1559506340114 1 s 1 0 0.4
1559506340120 1 s 1 0 0.0
1559506340126 1 s 1 0 0.7
1559506340132 1 s 1 0 1.0
1559506340138 1 s 1 0 0.1
1559506340144 1 s 1 0 0.0
1559506340150 1 s 1 0 0.1
1559506340156 1 s 1 0 0.6
1559506340162 1 s 1 0 0.1
1559506340168 1 s 1 0 0.1
1559506340174 1 s 1 0 0.6
1559506340180 1 s 1 0 0.2
1559506340186 1 s 1 0 0.1
1559506340192 1 s 1 0 0.4
1559506340198 1 s 1 0 0.1
1559506340204 1 s 1 0 0.1
1559506340210 1 s 1 0 0.5
1559506340216 1 s 1 0 0.2
1559506340222 1 s 1 0 0.2
1559506340228 1 s 1 0 0.1
1559506340234 1 s 1 0 0.0
1559506340240 1 s 1 0 0.1
1559506340246 1 s 1 0 0.3
1559506340252 1 s 1 0 0.1
1559506340258 1 s 1 0 0.1
1559506340264 1 s 1 0 0.2
1559506340270 1 s 1 0 0.1
1559506340276 1 s 1 0 0.6
1559506340282 1 s 1 0 0.1
1559506340288 1 s 1 0 0.4
1559506340294 1 s 1 0 0.1
1559506340300 1 s 1 0 0.1
1559506340306 1 s 1 0 0.0
1559506340312 1 s 1 0 0.0
1559506340318 1 s 1 0 0.4
1559506340324 1 s 1 0 0.2
1559506340330 1 s 1 0 1.3
1559506340336 1 s 1 0 0.3
1559506340342 1 s 1 0 0.1
1559506340348 1 s 1 0 0.6
1559506340354 1 s 1 0 0.7
1559506340360 1 s 1 0 0.4
1559506340366 1 s 1 0 0.1
1559506340372 1 s 1 0 0.1
1559506340378 1 s 1 0 0.1
1559506340384 1 s 1 0 0.3
1559506340390 1 s 1 0 0.2
1559506340396 1 s 1 0 1.2
1559506340402 1 s 1 0 0.3
1559506340408 1 s 1 0 0.3
1559506340414 1 s 1 0 0.1
1559506340420 1 s 1 0 0.1
1559506340427 1 s 1 0 0.9
1559506340433 1 s 1 0 0.2
1559506340439 1 s 1 0 0.5
1559506340445 1 s 1 0 0.3
1559506340451 1 s 1 0 0.1
1559506340457 1 s 1 0 0.0
1559506340463 1 s 1 0 0.3
1559506340469 1 s 1 0 2.2
1559506340475 1 s 1 0 0.1
1559506340481 1 s 1 0 0.4
1559506340487 1 s 1 0 0.0
1559506340493 1 s 1 0 0.1
1559506340499 1 s 1 0 0.1
1559506340505 1 s 1 0 0.5
1559506340511 1 s 1 0 0.2
1559506340517 1 s 1 0 0.1
1559506340523 1 s 1 0 0.2
1559506340529 1 s 1 0 0.7
1559506340535 1 s 1 0 0.6
1559506340541 1 s 1 0 0.4
1559506340547 1 s 1 0 0.1
1559506340553 1 s 1 0 0.3
1559506340559 1 s 1 0 0.1
1559506340565 1 s 1 0 0.0
1559506340571 1 s 1 0 0.4
1559506340577 1 s 1 0 0.3
1559506340583 1 s 1 0 0.0
1559506340589 1 s 1 0 0.4
1559506340595 1 s 1 0 0.1
1559506340601 1 s 1 0 0.6
1559506340607 1 s 1 0 0.1
1559506340613 1 s 1 0 1.5
1559506340619 1 s 1 0 0.8
