time trial serPNS triggered inRewardWin zPOI
1559506197427 0 s 1 0 0.3
1559506197434 0 s 1 0 0.4
1559506197440 0 s 1 0 0.1
1559506197447 0 s 1 0 0.9
1559506197453 0 s 1 0 0.7
1559506197459 0 s 1 0 0.3
1559506197465 0 s 1 0 0.0
1559506197471 0 s 1 0 0.1
1559506197477 0 s 1 0 0.3
1559506197483 0 s 1 0 0.0
1559506197490 0 s 1 0 1.3
1559506197497 0 s 1 0 0.1
1559506197503 0 s 1 0 0.2
1559506197510 0 s 1 0 1.4
1559506197516 0 s 1 0 1.0
1559506197522 0 s 1 0 0.5
1559506197528 0 s 1 0 0.0
1559506197534 0 s 1 0 0.0
1559506197540 0 s 1 0 0.3
1559506197546 0 s 1 0 0.3
1559506197552 0 s 1 0 0.6
1559506197558 0 s 1 0 0.0
1559506197564 0 s 1 0 0.0
1559506197570 0 s 1 0 0.8
1559506197576 0 s 1 0 0.3
1559506197582 0 s 1 0 0.0
1559506197588 0 s 1 0 1.4
1559506197594 0 s 1 0 0.2
1559506197600 0 s 1 0 0.8
1559506197606 0 s 1 0 0.1
1559506197612 0 s 1 0 0.0
1559506197618 0 s 1 0 0.3
1559506197624 0 s 1 0 0.5
1559506197630 0 s 1 0 0.2
1559506197636 0 s 1 0 0.3
1559506197642 0 s 1 0 0.0
1559506197648 0 s 1 0 0.6
1559506197654 0 s 1 0 0.0
1559506197660 0 s 1 0 0.3
1559506197666 0 s 1 0 0.0
1559506197672 0 s 1 0 0.5
1559506197678 0 s 1 0 0.2
1559506197684 0 s 1 0 0.7
1559506197690 0 s 1 0 0.0
1559506197696 0 s 1 0 0.6
1559506197702 0 s 1 0 0.4
1559506197708 0 s 1 0 0.2
1559506197714 0 s 1 0 0.4
1559506197720 0 s 1 0 0.0
1559506197726 0 s 1 0 0.2
1559506197732 0 s 1 0 0.6
1559506197738 0 s 1 0 0.3
1559506197744 0 s 1 0 0.3
1559506197750 0 s 1 0 0.1
1559506197756 0 s 1 0 0.3
1559506197762 0 s 1 0 0.1
1559506197768 0 s 1 0 0.4
1559506197774 0 s 1 0 0.1
1559506197780 0 s 1 0 0.1
1559506197786 0 s 1 0 0.3
1559506197792 0 s 1 0 1.4
1559506197798 0 s 1 0 0.7
1559506197804 0 s 1 0 0.2
1559506197810 0 s 1 0 0.6
1559506197816 0 s 1 0 0.2
1559506197822 0 s 1 0 0.6
1559506197828 0 s 1 0 0.3
1559506197834 0 s 1 0 0.3
1559506197840 0 s 1 0 0.0
1559506197846 0 s 1 0 0.8
1559506197852 0 s 1 0 0.8
1559506197858 0 s 1 0 0.3
1559506197864 0 s 1 0 0.1
1559506197870 0 s 1 0 0.1
1559506197876 0 s 1 0 0.6
1559506197882 0 s 1 0 0.3
1559506197888 0 s 1 0 0.2
1559506197894 0 s 1 0 0.3
1559506197900 0 s 1 0 0.8
1559506197906 0 s 1 0 0.2
1559506197912 0 s 1 0 0.3
1559506197918 0 s 1 0 0.2
1559506197924 0 s 1 0 0.0
1559506197930 0 s 1 0 0.2
1559506197936 0 s 1 0 0.8
1559506197942 0 s 1 0 0.8
1559506197948 0 s 1 0 0.1
1559506197954 0 s 1 0 0.3
1559506197960 0 s 1 0 0.3
1559506197966 0 s 1 0 0.2
1559506197972 0 s 1 0 0.2
1559506197978 0 s 1 0 0.4
1559506197984 0 s 1 0 0.8
1559506197992 0 s 1 0 1.7
1559506197998 0 s 1 0 0.1
1559506198004 0 s 1 0 0.9
1559506198010 0 s 1 0 0.3
1559506198016 0 s 1 0 0.8
1559506198022 0 s 1 0 0.2
1559506198028 0 s 1 0 0.6
1559506198034 0 s 1 0 0.8
1559506198040 0 s 1 0 0.1
1559506198046 0 s 1 0 1.1
1559506198052 0 s 1 0 0.2
1559506198058 0 s 1 0 0.0
1559506198064 0 s 1 0 0.2
1559506198070 0 s 1 0 0.1
1559506198076 0 s 1 0 0.7
1559506198082 0 s 1 0 0.1
1559506198088 0 s 1 0 0.4
1559506198094 0 s 1 0 0.6
1559506198100 0 s 1 0 0.5
1559506198106 0 s 1 0 0.1
1559506198112 0 s 1 0 1.3
1559506198118 0 s 1 0 0.2
1559506198124 0 s 1 0 0.3
1559506198130 0 s 1 0 0.8
1559506198136 0 s 1 0 0.8
1559506198142 0 s 1 0 0.2
1559506198148 0 s 1 0 0.2
1559506198154 0 s 1 0 0.3
1559506198160 0 s 1 0 1.0
1559506198166 0 s 1 0 0.2
1559506198172 0 s 1 0 0.2
1559506198178 0 s 1 0 0.5
1559506198184 0 s 1 0 0.5
1559506198190 0 s 1 0 0.3
1559506198196 0 s 1 0 0.3
1559506198202 0 s 1 0 0.1
1559506198208 0 s 1 0 0.2
1559506198214 0 s 1 0 0.1
1559506198220 0 s 1 0 0.8
1559506198226 0 s 1 0 0.0
1559506198232 0 s 1 0 0.2
1559506198238 0 s 1 0 0.7
1559506198244 0 s 1 0 0.0
1559506198250 0 s 1 0 0.8
1559506198256 0 s 1 0 0.3
1559506198262 0 s 1 0 0.0
1559506198268 0 s 1 0 0.3
1559506198274 0 s 1 0 0.1
1559506198280 0 s 1 0 0.0
1559506198286 0 s 1 0 1.0
1559506198292 0 s 1 0 0.1
1559506198298 0 s 1 0 0.1
1559506198304 0 s 1 0 1.3
1559506198310 0 s 1 0 0.1
1559506198316 0 s 1 0 0.3
1559506198322 0 s 1 0 0.1
1559506198328 0 s 1 0 0.4
1559506198334 0 s 1 0 0.4
1559506198340 0 s 1 0 0.2
1559506198346 0 s 1 0 0.8
1559506198352 0 s 1 0 0.7
1559506198358 0 s 1 0 0.1
1559506198364 0 s 1 0 0.2
1559506198370 0 s 1 0 0.0
1559506198376 0 s 1 0 0.7
1559506198382 0 s 1 0 0.2
1559506198388 0 s 1 0 1.0
1559506198394 0 s 1 0 0.1
1559506198400 0 s 1 0 0.1
1559506198406 0 s 1 0 0.3
1559506198412 0 s 1 0 0.1
1559506198418 0 s 1 0 0.4
1559506198424 0 s 1 0 0.3
1559506198430 0 s 1 0 0.1
1559506198436 0 s 1 0 0.4
1559506198442 0 s 1 0 0.3
1559506198448 0 s 1 0 1.0
1559506198454 0 s 1 0 1.9
1559506198460 0 s 1 0 0.3
1559506198466 0 s 1 0 0.1
1559506198472 0 s 1 0 0.3
1559506198478 0 s 1 0 0.1
1559506198484 0 s 1 0 0.2
1559506198490 0 s 1 0 0.1
1559506198497 0 s 1 0 2.2
1559506198503 0 s 1 0 0.0
1559506198509 0 s 1 0 0.4
1559506198515 0 s 1 0 0.7
1559506198521 0 s 1 0 0.6
1559506198527 0 s 1 0 0.3
1559506198533 0 s 1 0 1.6
1559506198539 0 s 1 0 0.2
1559506198545 0 s 1 0 0.1
1559506198551 0 s 1 0 0.2
1559506198557 0 s 1 0 0.3
1559506198563 0 s 1 0 0.2
1559506198569 0 s 1 0 0.3
1559506198575 0 s 1 0 1.0
1559506198581 0 s 1 0 0.2
1559506198587 0 s 1 0 0.0
1559506198593 0 s 1 0 0.3
1559506198599 0 s 1 0 0.1
1559506198605 0 s 1 0 0.0
1559506198611 0 s 1 0 0.2
1559506198617 0 s 1 0 1.0
1559506198623 0 s 1 0 0.0
1559506198629 0 s 1 0 0.3
1559506198635 0 s 1 0 0.2
1559506198641 0 s 1 0 0.3
1559506198647 0 s 1 0 0.8
1559506198653 0 s 1 0 0.5
1559506198659 0 s 1 0 0.8
1559506198665 0 s 1 0 0.0
1559506198671 0 s 1 0 0.6
1559506198677 0 s 1 0 0.6
1559506198683 0 s 1 0 0.2
1559506198689 0 s 1 0 0.0
1559506198695 0 s 1 0 0.1
1559506198701 0 s 1 0 0.6
1559506198707 0 s 1 0 0.0
1559506198713 0 s 1 0 2.2
1559506198719 0 s 1 0 0.2
1559506198725 0 s 1 0 0.8
1559506198731 0 s 1 0 0.1
1559506198737 0 s 1 0 0.1
1559506198743 0 s 1 0 0.7
1559506198749 0 s 1 0 0.3
1559506198755 0 s 1 0 0.1
1559506198761 0 s 1 0 1.6
1559506198767 0 s 1 0 0.3
1559506198773 0 s 1 0 0.2
1559506198779 0 s 1 0 0.4
1559506198785 0 s 1 0 0.6
1559506198791 0 s 1 0 0.9
1559506198797 0 s 1 0 0.2
1559506198803 0 s 1 0 0.3
1559506198809 0 s 1 0 0.4
1559506198815 0 s 1 0 0.3
1559506198821 0 s 1 0 0.1
1559506198827 0 s 1 0 0.3
1559506198833 0 s 1 0 0.1
1559506198839 0 s 1 0 0.2
1559506198845 0 s 1 0 0.4
1559506198851 0 s 1 0 0.0
1559506198857 0 s 1 0 0.3
1559506198863 0 s 1 0 0.0
1559506198869 0 s 1 0 0.1
1559506198875 0 s 1 0 0.3
1559506198881 0 s 1 0 0.6
1559506198887 0 s 1 0 0.2
1559506198893 0 s 1 0 0.4
1559506198899 0 s 1 0 0.4
1559506198905 0 s 1 0 0.2
1559506198911 0 s 1 0 0.2
1559506198917 0 s 1 0 0.4
1559506198923 0 s 1 0 0.4
1559506198929 0 s 1 0 1.2
1559506198935 0 s 1 0 0.2
1559506198941 0 s 1 0 0.1
1559506198947 0 s 1 0 0.6
1559506198953 0 s 1 0 0.5
1559506198959 0 s 1 0 0.2
1559506198965 0 s 1 0 0.2
1559506198971 0 s 1 0 0.1
1559506198977 0 s 1 0 0.3
1559506198983 0 s 1 0 0.2
1559506198989 0 s 1 0 0.3
1559506198995 0 s 1 0 0.2
1559506199002 0 s 1 0 0.1
1559506199008 0 s 1 0 0.2
1559506199015 0 s 1 0 0.0
1559506199022 0 s 1 0 0.1
1559506199028 0 s 1 0 0.3
1559506199034 0 s 1 0 0.1
1559506199040 0 s 1 0 0.4
1559506199046 0 s 1 0 0.2
1559506199052 0 s 1 0 0.2
1559506199058 0 s 1 0 0.1
1559506199064 0 s 1 0 0.5
1559506199070 0 s 1 0 0.8
1559506199076 0 s 1 0 0.7
1559506199082 0 s 1 0 0.0
1559506199088 0 s 1 0 0.4
1559506199094 0 s 1 0 1.2
1559506199100 0 s 1 0 0.0
1559506199106 0 s 1 0 0.6
1559506199112 0 s 1 0 0.0
1559506199118 0 s 1 0 0.5
1559506199124 0 s 1 0 0.0
1559506199130 0 s 1 0 0.5
1559506199136 0 s 1 0 0.2
1559506199142 0 s 1 0 0.0
1559506199148 0 s 1 0 0.4
1559506199154 0 s 1 0 0.9
1559506199160 0 s 1 0 0.0
1559506199166 0 s 1 0 0.4
1559506199173 0 s 1 0 0.5
1559506199180 0 s 1 0 0.2
1559506199186 0 s 1 0 0.4
1559506199192 0 s 1 0 0.2
1559506199198 0 s 1 0 0.3
1559506199204 0 s 1 0 0.1
1559506199210 0 s 1 0 1.6
1559506199216 0 s 1 0 0.2
1559506199222 0 s 1 0 0.1
1559506199228 0 s 1 0 0.2
1559506199234 0 s 1 0 0.0
1559506199240 0 s 1 0 1.0
1559506199246 0 s 1 0 0.7
1559506199252 0 s 1 0 0.4
1559506199258 0 s 1 0 0.2
1559506199264 0 s 1 0 0.4
1559506199270 0 s 1 0 0.1
1559506199276 0 s 1 0 0.0
1559506199282 0 s 1 0 0.8
1559506199288 0 s 1 0 0.6
1559506199294 0 s 1 0 0.2
1559506199300 0 s 1 0 0.1
1559506199306 0 s 1 0 0.3
1559506199312 0 s 1 0 1.8
1559506199318 0 s 1 0 1.7
1559506199324 0 s 1 0 0.1
1559506199330 0 s 1 0 0.3
1559506199336 0 s 1 0 0.6
1559506199342 0 s 1 0 0.1
1559506199348 0 s 1 0 0.0
1559506199354 0 s 1 0 0.1
1559506199360 0 s 1 0 0.4
1559506199366 0 s 1 0 0.1
1559506199372 0 s 1 0 0.8
1559506199378 0 s 1 0 0.0
1559506199384 0 s 1 0 0.0
1559506199390 0 s 1 0 0.4
1559506199396 0 s 1 0 0.5
1559506199402 0 s 1 0 0.1
1559506199408 0 s 1 0 0.4
1559506199414 0 s 1 0 0.0
1559506199420 0 s 1 0 0.6
1559506199426 0 s 1 0 0.5
1559506199432 0 s 1 0 0.1
1559506199438 0 s 1 0 0.0
1559506199444 0 s 1 0 0.1
1559506199450 0 s 1 0 0.6
1559506199456 0 s 1 0 0.1
1559506199462 0 s 1 0 0.2
1559506199468 0 s 1 0 0.0
1559506199474 0 s 1 0 0.2
1559506199480 0 s 1 0 0.6
1559506199486 0 s 1 0 0.6
1559506199492 0 s 1 0 0.2
1559506199498 0 s 1 0 0.3
1559506199505 0 s 1 0 0.1
1559506199511 0 s 1 0 0.7
1559506199517 0 s 1 0 0.2
1559506199523 0 s 1 0 0.3
1559506199529 0 s 1 0 0.2
1559506199535 0 s 1 0 0.4
1559506199541 0 s 1 0 0.2
1559506199547 0 s 1 0 1.3
1559506199553 0 s 1 0 1.2
1559506199559 0 s 1 0 0.0
1559506199565 0 s 1 0 0.3
1559506199571 0 s 1 0 0.3
1559506199577 0 s 1 0 0.6
1559506199583 0 s 1 0 0.7
1559506199589 0 s 1 0 0.2
1559506199595 0 s 1 0 0.1
1559506199601 0 s 1 0 0.1
1559506199607 0 s 1 0 0.2
1559506199613 0 s 1 0 0.3
1559506199619 0 s 1 0 0.9
1559506199625 0 s 1 0 0.2
1559506199631 0 s 1 0 0.2
1559506199637 0 s 1 0 0.0
1559506199643 0 s 1 0 0.1
1559506199649 0 s 1 0 0.4
1559506199655 0 s 1 0 0.4
1559506199661 0 s 1 0 0.6
1559506199667 0 s 1 0 0.1
1559506199673 0 s 1 0 0.5
1559506199679 0 s 1 0 0.2
1559506199685 0 s 1 0 0.1
1559506199691 0 s 1 0 0.1
1559506199697 0 s 1 0 0.3
1559506199703 0 s 1 0 0.0
1559506199709 0 s 1 0 0.3
1559506199715 0 s 1 0 0.0
1559506199721 0 s 1 0 0.1
1559506199727 0 s 1 0 0.0
1559506199733 0 s 1 0 0.0
1559506199739 0 s 1 0 0.8
1559506199745 0 s 1 0 0.0
1559506199751 0 s 1 0 0.1
1559506199757 0 s 1 0 1.4
1559506199763 0 s 1 0 0.3
1559506199769 0 s 1 0 0.3
1559506199775 0 s 1 0 1.1
1559506199781 0 s 1 0 0.1
1559506199787 0 s 1 0 0.8
1559506199793 0 s 1 0 1.3
1559506199799 0 s 1 0 0.8
1559506199805 0 s 1 0 0.2
1559506199811 0 s 1 0 0.1
1559506199817 0 s 1 0 0.1
1559506199823 0 s 1 0 0.1
1559506199829 0 s 1 0 0.3
1559506199835 0 s 1 0 0.8
1559506199841 0 s 1 0 0.9
1559506199847 0 s 1 0 0.0
1559506199853 0 s 1 0 0.9
1559506199859 0 s 1 0 0.0
1559506199865 0 s 1 0 0.4
1559506199871 0 s 1 0 0.1
1559506199877 0 s 1 0 0.8
1559506199883 0 s 1 0 0.2
1559506199889 0 s 1 0 0.0
1559506199895 0 s 1 0 0.3
1559506199901 0 s 1 0 0.3
1559506199907 0 s 1 0 1.2
1559506199913 0 s 1 0 0.4
1559506199919 0 s 1 0 0.2
1559506199925 0 s 1 0 0.2
1559506199931 0 s 1 0 0.1
1559506199937 0 s 1 0 2.2
1559506199943 0 s 1 0 0.6
1559506199949 0 s 1 0 0.1
1559506199955 0 s 1 0 0.2
1559506199961 0 s 1 0 0.6
1559506199967 0 s 1 0 0.4
1559506199973 0 s 1 0 0.0
1559506199979 0 s 1 0 0.3
1559506199985 0 s 1 0 0.3
1559506199991 0 s 1 0 0.3
1559506199997 0 s 1 0 0.2
1559506200003 0 s 1 0 0.1
1559506200010 0 s 1 0 0.3
1559506200016 0 s 1 0 0.1
1559506200022 0 s 1 0 0.1
1559506200028 0 s 1 0 1.2
1559506200034 0 s 1 0 0.0
1559506200040 0 s 1 0 0.4
1559506200046 0 s 1 0 0.1
1559506200052 0 s 1 0 0.9
1559506200058 0 s 1 0 0.1
1559506200064 0 s 1 0 0.1
1559506200070 0 s 1 0 1.9
1559506200076 0 s 1 0 0.7
1559506200082 0 s 1 0 0.1
1559506200088 0 s 1 0 1.1
1559506200094 0 s 1 0 1.3
1559506200100 0 s 1 0 0.0
1559506200106 0 s 1 0 0.2
1559506200112 0 s 1 0 0.1
1559506200118 0 s 1 0 0.3
1559506200124 0 s 1 0 1.4
1559506200130 0 s 1 0 0.0
1559506200136 0 s 1 0 0.2
1559506200142 0 s 1 0 0.7
1559506200148 0 s 1 0 0.7
1559506200154 0 s 1 0 0.7
1559506200160 0 s 1 0 0.1
1559506200166 0 s 1 0 0.2
1559506200172 0 s 1 0 0.4
1559506200178 0 s 1 0 0.1
1559506200184 0 s 1 0 0.3
1559506200190 0 s 1 0 1.0
1559506200196 0 s 1 0 0.1
1559506200202 0 s 1 0 0.9
1559506200208 0 s 1 0 0.0
1559506200214 0 s 1 0 0.2
1559506200220 0 s 1 0 0.2
1559506200226 0 s 1 0 0.1
1559506200232 0 s 1 0 0.4
1559506200238 0 s 1 0 0.1
1559506200244 0 s 1 0 1.1
1559506200250 0 s 1 0 0.0
1559506200256 0 s 1 0 0.1
1559506200262 0 s 1 0 0.1
1559506200268 0 s 1 0 0.3
1559506200274 0 s 1 0 0.3
1559506200280 0 s 1 0 0.2
1559506200286 0 s 1 0 0.4
1559506200292 0 s 1 0 0.0
1559506200298 0 s 1 0 0.5
1559506200304 0 s 1 0 0.8
1559506200310 0 s 1 0 0.6
1559506200316 0 s 1 0 0.6
1559506200322 0 s 1 0 0.3
1559506200328 0 s 1 0 0.1
1559506200334 0 s 1 0 0.3
1559506200340 0 s 1 0 0.1
1559506200346 0 s 1 0 0.2
1559506200352 0 s 1 0 0.0
1559506200358 0 s 1 0 0.8
1559506200364 0 s 1 0 0.3
1559506200370 0 s 1 0 0.3
1559506200376 0 s 1 0 0.1
1559506200382 0 s 1 0 0.6
1559506200388 0 s 1 0 0.1
1559506200394 0 s 1 0 0.0
1559506200400 0 s 1 0 0.4
1559506200406 0 s 1 0 0.6
1559506200412 0 s 1 0 0.4
1559506200418 0 s 1 0 0.0
1559506200424 0 s 1 0 0.4
1559506200430 0 s 1 0 0.6
1559506200436 0 s 1 0 0.1
1559506200442 0 s 1 0 0.6
1559506200448 0 s 1 0 0.3
1559506200454 0 s 1 0 0.6
1559506200460 0 s 1 0 0.6
1559506200466 0 s 1 0 0.0
1559506200472 0 s 1 0 0.2
1559506200478 0 s 1 0 1.0
1559506200484 0 s 1 0 0.5
1559506200490 0 s 1 0 0.7
1559506200496 0 s 1 0 0.2
1559506200502 0 s 1 0 0.1
1559506200508 0 s 1 0 0.3
1559506200515 0 s 1 0 0.1
1559506200521 0 s 1 0 0.3
1559506200527 0 s 1 0 0.3
1559506200533 0 s 1 0 0.4
1559506200539 0 s 1 0 0.0
1559506200545 0 s 1 0 0.3
1559506200551 0 s 1 0 0.1
1559506200557 0 s 1 0 0.1
1559506200563 0 s 1 0 0.0
1559506200569 0 s 1 0 0.2
1559506200575 0 s 1 0 0.1
1559506200581 0 s 1 0 0.1
1559506200587 0 s 1 0 0.1
1559506200593 0 s 1 0 0.0
1559506200599 0 s 1 0 0.1
1559506200605 0 s 1 0 0.2
1559506200611 0 s 1 0 0.6
1559506200617 0 s 1 0 0.4
1559506200623 0 s 1 0 0.1
1559506200629 0 s 1 0 0.5
1559506200635 0 s 1 0 0.2
1559506200641 0 s 1 0 0.2
1559506200647 0 s 1 0 0.3
1559506200653 0 s 1 0 0.3
1559506200659 0 s 1 0 0.1
1559506200665 0 s 1 0 0.1
1559506200671 0 s 1 0 0.0
1559506200677 0 s 1 0 0.2
1559506200683 0 s 1 0 0.2
1559506200689 0 s 1 0 0.2
1559506200695 0 s 1 0 0.3
1559506200701 0 s 1 0 1.7
1559506200707 0 s 1 0 0.2
1559506200713 0 s 1 0 0.8
1559506200719 0 s 1 0 0.1
1559506200725 0 s 1 0 0.6
1559506200731 0 s 1 0 0.7
1559506200737 0 s 1 0 0.1
1559506200743 0 s 1 0 0.3
1559506200749 0 s 1 0 0.0
1559506200755 0 s 1 0 0.7
1559506200761 0 s 1 0 0.0
1559506200767 0 s 1 0 0.1
1559506200774 0 s 1 0 0.1
1559506200781 0 s 1 0 0.2
1559506200787 0 s 1 0 0.5
1559506200793 0 s 1 0 0.0
1559506200799 0 s 1 0 0.1
1559506200805 0 s 1 0 0.8
1559506200811 0 s 1 0 0.0
1559506200817 0 s 1 0 0.3
1559506200823 0 s 1 0 2.1
1559506200829 0 s 1 0 0.0
1559506200835 0 s 1 0 0.6
1559506200841 0 s 1 0 0.1
1559506200847 0 s 1 0 0.3
1559506200853 0 s 1 0 0.9
1559506200859 0 s 1 0 0.4
1559506200865 0 s 1 0 1.1
1559506200871 0 s 1 0 0.6
1559506200877 0 s 1 0 0.3
1559506200883 0 s 1 0 0.3
1559506200889 0 s 1 0 0.2
1559506200895 0 s 1 0 0.0
1559506200901 0 s 1 0 0.3
1559506200907 0 s 1 0 0.5
1559506200913 0 s 1 0 0.6
1559506200919 0 s 1 0 0.1
1559506200925 0 s 1 0 0.0
1559506200931 0 s 1 0 0.8
1559506200937 0 s 1 0 0.1
1559506200943 0 s 1 0 0.6
1559506200949 0 s 1 0 0.2
1559506200955 0 s 1 0 0.1
1559506200961 0 s 1 0 0.0
1559506200967 0 s 1 0 0.1
1559506200973 0 s 1 0 0.6
1559506200979 0 s 1 0 0.1
1559506200985 0 s 1 0 0.5
1559506200991 0 s 1 0 0.1
1559506200997 0 s 1 0 0.1
1559506201003 0 s 1 0 0.1
1559506201009 0 s 1 0 0.3
1559506201016 0 s 1 0 0.1
1559506201022 0 s 1 0 0.2
1559506201028 0 s 1 0 0.3
1559506201034 0 s 1 0 0.9
1559506201040 0 s 1 0 0.3
1559506201046 0 s 1 0 0.2
1559506201052 0 s 1 0 0.2
1559506201058 0 s 1 0 0.1
1559506201064 0 s 1 0 0.2
1559506201070 0 s 1 0 0.1
1559506201076 0 s 1 0 0.7
1559506201082 0 s 1 0 0.4
1559506201088 0 s 1 0 0.1
1559506201094 0 s 1 0 1.2
1559506201100 0 s 1 0 0.2
1559506201106 0 s 1 0 1.3
1559506201112 0 s 1 0 0.6
1559506201118 0 s 1 0 0.8
1559506201124 0 s 1 0 0.1
1559506201130 0 s 1 0 0.1
1559506201136 0 s 1 0 0.3
1559506201142 0 s 1 0 0.2
1559506201148 0 s 1 0 0.1
1559506201154 0 s 1 0 1.2
1559506201160 0 s 1 0 0.2
1559506201166 0 s 1 0 0.0
1559506201172 0 s 1 0 0.4
1559506201178 0 s 1 0 0.0
1559506201184 0 s 1 0 0.8
1559506201190 0 s 1 0 0.1
1559506201196 0 s 1 0 0.2
1559506201202 0 s 1 0 0.2
1559506201208 0 s 1 0 0.5
1559506201214 0 s 1 0 0.3
1559506201220 0 s 1 0 2.2
1559506201226 0 s 1 0 0.0
1559506201232 0 s 1 0 0.2
1559506201238 0 s 1 0 0.2
1559506201244 0 s 1 0 0.7
1559506201250 0 s 1 0 0.5
1559506201256 0 s 1 0 0.4
1559506201262 0 s 1 0 0.9
1559506201268 0 s 1 0 0.3
1559506201274 0 s 1 0 0.6
1559506201280 0 s 1 0 0.1
1559506201286 0 s 1 0 0.3
1559506201292 0 s 1 0 0.8
1559506201299 0 s 1 0 0.5
1559506201305 0 s 1 0 0.3
1559506201311 0 s 1 0 0.7
1559506201317 0 s 1 0 0.2
1559506201323 0 s 1 0 0.0
1559506201329 0 s 1 0 0.0
1559506201335 0 s 1 0 0.0
1559506201341 0 s 1 0 0.2
1559506201347 0 s 1 0 0.4
1559506201353 0 s 1 0 0.2
1559506201359 0 s 1 0 0.0
1559506201365 0 s 1 0 0.2
1559506201371 0 s 1 0 1.7
1559506201377 0 s 1 0 0.9
1559506201383 0 s 1 0 0.5
1559506201390 0 s 1 0 0.6
1559506201397 0 s 1 0 0.1
1559506201403 0 s 1 0 0.2
1559506201409 0 s 1 0 0.5
1559506201415 0 s 1 0 0.3
1559506201421 0 s 1 0 0.2
1559506201427 0 s 1 0 0.7
1559506201433 0 s 1 0 1.5
1559506201439 0 s 1 0 0.3
1559506201445 0 s 1 0 0.2
1559506201451 0 s 1 0 0.2
1559506201457 0 s 1 0 0.3
1559506201463 0 s 1 0 0.3
1559506201469 0 s 1 0 0.0
1559506201475 0 s 1 0 0.1
1559506201481 0 s 1 0 3.6
1559506201487 0 s 1 0 0.2
1559506201493 0 s 1 0 0.2
1559506201499 0 s 1 0 0.0
1559506201505 0 s 1 0 0.3
1559506201511 0 s 1 0 0.4
1559506201519 0 s 1 0 0.9
1559506201525 0 s 1 0 0.2
1559506201531 0 s 1 0 0.1
1559506201539 0 s 1 0 0.6
1559506201546 0 s 1 0 2.4
1559506201552 0 s 1 0 0.1
1559506201558 0 s 1 0 2.4
1559506201564 0 s 1 0 1.0
1559506201570 0 s 1 0 2.2
1559506201576 0 s 1 0 1.9
1559506201582 0 s 1 0 0.0
1559506201588 0 s 1 0 0.3
1559506201594 0 s 1 0 0.6
1559506201600 0 s 1 0 0.9
1559506201606 0 s 1 0 0.1
1559506201612 0 s 1 0 0.2
1559506201618 0 s 1 0 0.3
1559506201624 0 s 1 0 0.3
1559506201630 0 s 1 0 0.7
1559506201636 0 s 1 0 0.3
1559506201642 0 s 1 0 0.2
1559506201648 0 s 1 0 0.3
1559506201654 0 s 1 0 0.3
1559506201660 0 s 1 0 0.8
1559506201666 0 s 1 0 0.0
1559506201672 0 s 1 0 2.1
1559506201678 0 s 1 0 0.6
1559506201684 0 s 1 0 0.7
1559506201691 0 s 1 0 0.1
1559506201698 0 s 1 0 0.1
1559506201704 0 s 1 0 0.5
1559506201710 0 s 1 0 1.2
1559506201716 0 s 1 0 0.1
1559506201722 0 s 1 0 0.0
1559506201728 0 s 1 0 0.4
1559506201734 0 s 1 0 0.3
1559506201740 0 s 1 0 0.1
1559506201746 0 s 1 0 0.4
1559506201752 0 s 1 0 0.8
1559506201758 0 s 1 0 1.6
1559506201764 0 s 1 0 0.1
1559506201770 0 s 1 0 1.3
1559506201776 0 s 1 0 0.0
1559506201782 0 s 1 0 0.2
1559506201788 0 s 1 0 0.8
1559506201794 0 s 1 0 0.2
1559506201800 0 s 1 0 0.3
1559506201806 0 s 1 0 0.3
1559506201812 0 s 1 0 0.2
1559506201818 0 s 1 0 0.0
1559506201824 0 s 1 0 0.3
1559506201830 0 s 1 0 2.3
1559506201836 0 s 1 0 0.9
1559506201842 0 s 1 0 0.4
1559506201848 0 s 1 0 0.6
1559506201854 0 s 1 0 1.3
1559506201860 0 s 1 0 0.6
1559506201866 0 s 1 0 0.5
1559506201872 0 s 1 0 1.3
1559506201878 0 s 1 0 0.3
1559506201884 0 s 1 0 1.6
1559506201890 0 s 1 0 1.1
1559506201896 0 s 1 0 0.7
1559506201902 0 s 1 0 0.8
1559506201908 0 s 1 0 0.5
1559506201914 0 s 1 0 0.2
1559506201920 0 s 1 0 1.4
1559506201926 0 s 1 0 0.0
1559506201932 0 s 1 0 0.1
1559506201938 0 s 1 0 0.2
1559506201944 0 s 1 0 0.9
1559506201950 0 s 1 0 0.1
1559506201956 0 s 1 0 0.8
1559506201962 0 s 1 0 0.4
1559506201968 0 s 1 0 0.2
1559506201974 0 s 1 0 0.2
1559506201980 0 s 1 0 0.3
1559506201986 0 s 1 0 2.1
1559506201992 0 s 1 0 1.2
1559506201998 0 s 1 0 0.2
1559506202004 0 s 1 0 2.4
1559506202010 0 s 1 0 0.1
1559506202016 0 s 1 0 0.3
1559506202023 0 s 1 0 0.6
1559506202029 0 s 1 0 0.6
1559506202035 0 s 1 0 1.0
1559506202041 0 s 1 0 0.1
1559506202047 0 s 1 0 0.1
1559506202053 0 s 1 0 2.7
1559506202059 0 s 1 0 1.6
1559506202065 0 s 1 0 1.7
1559506202071 0 s 1 0 0.2
1559506202077 0 s 1 0 1.2
1559506202083 0 s 1 0 24.5
1559506202089 0 r 1 0 15.4
1559506202095 0 r 1 0 23.1
1559506202102 0 r 1 0 33.7
1559506202109 0 r 1 0 40.9
1559506202115 0 r 1 0 38.6
1559506202121 0 r 1 0 17.0
1559506202128 0 r 1 0 25.3
1559506202135 0 r 1 0 58.6
1559506202142 0 r 1 0 49.3
1559506202149 0 r 1 0 36.6
1559506202155 0 r 1 0 64.6
1559506202161 0 r 1 0 29.7
1559506202167 0 r 1 0 30.2
1559506202173 0 r 1 0 47.0
1559506202179 0 r 1 0 26.7
1559506202185 0 r 1 0 39.7
1559506202191 0 r 1 0 32.9
1559506202197 0 r 1 0 43.0
1559506202203 0 r 1 0 35.6
1559506202209 0 r 1 0 29.7
1559506202215 0 r 1 0 34.7
1559506202221 0 r 1 0 40.6
1559506202227 0 r 1 0 35.4
1559506202233 0 r 1 0 26.1
1559506202239 0 r 1 0 51.6
1559506202245 0 r 1 0 43.7
1559506202251 0 r 1 0 38.8
1559506202257 0 r 1 0 78.6
1559506202263 0 r 1 0 121.9
1559506202269 0 r 1 0 136.6
1559506202275 0 r 1 0 197.0
1559506202281 0 r 1 0 160.1
1559506202287 0 r 1 0 149.8
1559506202293 0 r 1 0 183.5
1559506202299 0 r 1 0 211.3
1559506202305 0 r 1 0 177.3
1559506202311 0 r 1 0 250.1
1559506202317 0 r 1 0 225.3
1559506202323 0 r 1 0 265.9
1559506202329 0 r 1 0 241.4
1559506202335 0 r 1 0 233.8
1559506202341 0 r 1 0 237.9
1559506202347 0 r 1 0 283.0
1559506202353 0 r 1 0 286.7
1559506202359 0 r 1 0 246.7
1559506202365 0 r 1 0 241.7
1559506202371 0 r 1 0 220.7
1559506202377 0 r 1 0 276.1
1559506202383 0 r 1 0 258.9
1559506202389 0 r 1 0 239.6
1559506202395 0 r 1 0 292.0
1559506202401 0 r 1 0 224.4
1559506202407 0 r 1 0 220.7
1559506202413 0 r 1 0 282.8
1559506202419 0 r 1 0 159.4
1559506202425 0 r 1 0 115.6
1559506202431 0 r 1 0 139.3
1559506202437 0 r 1 0 118.3
1559506202443 0 r 1 0 80.0
1559506202449 0 r 1 0 50.4
1559506202455 0 r 1 0 156.9
1559506202461 0 r 1 0 146.6
1559506202467 0 r 1 0 166.2
1559506202473 0 r 1 0 214.2
1559506202479 0 r 1 0 168.5
1559506202485 0 r 1 0 249.2
1559506202491 0 r 1 0 248.0
1559506202497 0 r 1 0 320.3
1559506202503 0 r 1 0 186.4
1559506202509 0 r 1 0 275.2
1559506202515 0 r 1 0 328.2
1559506202521 0 r 1 0 325.4
1559506202528 0 r 1 0 255.5
1559506202535 0 r 1 0 405.4
1559506202541 0 r 1 0 319.7
1559506202547 0 r 1 0 291.4
1559506202553 0 r 1 0 269.9
1559506202559 0 r 1 0 247.3
1559506202565 0 r 1 0 206.3
1559506202571 0 r 1 0 244.4
1559506202577 0 r 1 0 242.1
1559506202583 0 r 1 0 283.5
1559506202589 0 r 1 0 246.7
1559506202595 0 r 1 0 249.2
1559506202601 0 r 1 0 334.1
1559506202607 0 r 1 0 339.6
1559506202613 0 r 1 0 245.2
1559506202619 0 r 1 0 257.1
1559506202625 0 r 1 0 236.7
1559506202631 0 r 1 0 311.0
1559506202637 0 r 1 0 258.7
1559506202643 0 r 1 0 196.9
1559506202649 0 r 1 0 206.3
1559506202655 0 r 1 0 172.6
1559506202661 0 r 1 0 200.4
1559506202667 0 r 1 0 217.2
1559506202673 0 r 1 0 200.4
1559506202679 0 r 1 0 194.0
1559506202685 0 r 1 0 241.5
1559506202691 0 r 1 0 297.5
1559506202697 0 r 1 0 189.2
1559506202703 0 r 1 0 262.9
1559506202709 0 r 1 0 222.1
1559506202715 0 r 1 0 218.5
1559506202721 0 r 1 0 207.2
1559506202727 0 r 1 0 257.0
1559506202733 0 r 1 0 265.2
1559506202739 0 r 1 0 245.8
1559506202745 0 r 1 0 247.3
1559506202751 0 r 1 0 223.5
1559506202757 0 r 1 0 256.1
1559506202763 0 r 1 0 203.7
1559506202769 0 r 1 0 231.7
1559506202775 0 r 1 0 219.6
1559506202781 0 r 1 0 208.1
1559506202787 0 r 1 0 252.9
1559506202793 0 r 1 0 130.7
1559506202799 0 r 1 0 150.1
1559506202805 0 r 1 0 196.6
1559506202811 0 r 1 0 165.6
1559506202817 0 r 1 0 147.1
1559506202823 0 r 1 0 199.5
1559506202829 0 r 1 0 198.6
1559506202835 0 r 1 0 198.8
1559506202841 0 r 1 0 343.6
1559506202847 0 r 1 0 237.6
1559506202853 0 r 1 0 220.9
1559506202859 0 r 1 0 233.8
1559506202865 0 r 1 0 314.0
1559506202871 0 r 1 0 254.6
1559506202877 0 r 1 0 268.0
1559506202883 0 r 1 0 216.1
1559506202889 0 r 1 0 228.1
1559506202895 0 r 1 0 214.8
1559506202901 0 r 1 0 162.0
1559506202907 0 r 1 0 122.3
1559506202913 0 r 1 0 101.1
1559506202919 0 r 1 0 7.9
1559506202925 0 r 1 0 0.3
1559506202931 0 r 1 0 0.2
1559506202937 0 r 1 0 1.1
1559506202943 0 r 1 0 1.8
1559506202949 0 r 1 0 0.5
1559506202955 0 r 1 0 0.6
1559506202961 0 r 1 0 0.7
1559506202967 0 r 1 0 0.3
1559506202973 0 r 1 0 0.3
1559506202979 0 r 1 0 0.8
1559506202985 0 r 1 0 0.8
1559506202991 0 r 1 0 0.1
1559506202997 0 r 1 0 0.6
1559506203003 0 r 1 0 0.0
1559506203009 0 r 1 0 3.6
1559506203015 0 r 1 0 5.4
1559506203021 0 r 1 0 2.2
1559506203027 0 r 1 0 1.6
1559506203034 0 r 1 0 2.6
1559506203041 0 r 1 0 0.8
1559506203048 0 r 1 0 0.6
1559506203055 0 r 1 0 0.2
1559506203061 0 r 1 0 0.2
1559506203068 0 r 1 0 0.3
1559506203075 0 r 1 0 0.9
1559506203082 0 r 1 0 0.2
1559506203089 0 r 1 0 0.1
1559506203096 0 r 1 0 1.3
1559506203102 0 r 1 0 1.3
1559506203108 0 r 1 0 0.8
1559506203114 0 r 1 0 1.3
1559506203120 0 r 1 0 0.1
1559506203126 0 r 1 0 0.8
1559506203132 0 r 1 0 0.6
1559506203138 0 r 1 0 0.2
1559506203144 0 r 1 0 2.3
1559506203150 0 r 1 0 0.1
1559506203156 0 r 1 0 0.1
1559506203162 0 r 1 0 0.6
1559506203168 0 r 1 0 0.5
1559506203174 0 r 1 0 1.7
1559506203180 0 r 1 0 0.8
1559506203186 0 r 1 0 0.8
1559506203192 0 r 1 0 3.8
1559506203198 0 r 1 0 0.2
1559506203204 0 r 1 0 1.3
1559506203210 0 r 1 0 1.3
1559506203216 0 r 1 0 1.8
1559506203222 0 r 1 0 0.2
1559506203228 0 r 1 0 1.3
1559506203234 0 r 1 0 1.2
1559506203240 0 r 1 0 1.2
1559506203246 0 r 1 0 1.6
1559506203252 0 r 1 0 1.2
1559506203258 0 r 1 0 0.0
1559506203264 0 r 1 0 0.2
1559506203270 0 r 1 0 1.8
1559506203276 0 r 1 0 0.1
1559506203282 0 r 1 0 1.5
1559506203288 0 r 1 0 0.9
1559506203294 0 r 1 0 0.4
1559506203300 0 r 1 0 2.3
1559506203306 0 r 1 0 0.7
1559506203312 0 r 1 0 2.5
1559506203318 0 r 1 0 1.3
1559506203324 0 r 1 0 2.3
1559506203330 0 r 1 0 20.4
1559506203336 0 r 1 0 86.6
1559506203342 0 r 1 0 52.3
1559506203348 0 r 1 0 68.3
1559506203354 0 r 1 0 47.5
1559506203360 0 r 1 0 17.6
1559506203366 0 r 1 0 23.7
1559506203372 0 r 1 0 12.4
1559506203378 0 r 1 0 20.5
1559506203384 0 r 1 0 20.7
1559506203390 0 r 1 0 14.7
1559506203396 0 r 1 0 21.0
1559506203402 0 r 1 0 27.6
1559506203408 0 r 1 0 27.8
1559506203414 0 r 1 0 34.8
1559506203420 0 r 1 0 43.1
1559506203426 0 r 1 0 44.2
1559506203432 0 r 1 0 71.1
1559506203438 0 r 1 0 50.8
1559506203444 0 r 1 0 69.6
1559506203450 0 r 1 0 42.0
1559506203456 0 r 1 0 49.9
1559506203462 0 r 1 0 42.1
1559506203468 0 r 1 0 35.3
1559506203474 0 r 1 0 31.2
1559506203480 0 r 1 0 46.5
1559506203486 0 r 1 0 13.3
1559506203492 0 r 1 0 31.3
1559506203498 0 r 1 0 12.8
1559506203504 0 r 1 0 32.4
1559506203510 0 r 1 0 9.4
1559506203517 0 r 1 0 30.7
1559506203523 0 r 1 0 15.6
1559506203529 0 r 1 0 15.5
1559506203536 0 r 1 0 7.8
1559506203543 0 r 1 0 15.6
1559506203550 0 r 1 0 24.5
1559506203557 0 r 1 0 19.2
1559506203564 0 r 1 0 21.0
1559506203571 0 r 1 0 31.8
1559506203577 0 r 1 0 28.2
1559506203583 0 r 1 0 36.9
1559506203590 0 r 1 0 64.5
1559506203597 0 r 1 0 73.1
1559506203603 0 r 1 0 71.0
1559506203609 0 r 1 0 54.7
1559506203616 0 r 1 0 68.2
1559506203622 0 r 1 0 101.8
1559506203628 0 r 1 0 63.9
1559506203634 0 r 1 0 118.2
1559506203641 0 r 1 0 58.3
1559506203647 0 r 1 0 91.9
1559506203654 0 r 1 0 75.2
1559506203661 0 r 1 0 75.6
1559506203667 0 r 1 0 84.1
1559506203673 0 r 1 0 77.2
1559506203679 0 r 1 0 99.4
1559506203685 0 r 1 0 99.0
1559506203691 0 r 1 0 92.0
1559506203697 0 r 1 0 132.2
1559506203703 0 r 1 0 111.2
1559506203709 0 r 1 0 128.7
1559506203715 0 r 1 0 106.5
1559506203721 0 r 1 0 115.6
1559506203727 0 r 1 0 87.7
1559506203733 0 r 1 0 160.0
1559506203739 0 r 1 0 150.2
1559506203745 0 r 1 0 158.2
1559506203751 0 r 1 0 110.1
1559506203757 0 r 1 0 130.9
1559506203764 0 r 1 0 111.2
1559506203770 0 r 1 0 130.9
1559506203776 0 r 1 0 105.5
1559506203782 0 r 1 0 132.2
1559506203788 0 r 1 0 145.0
1559506203794 0 r 1 0 144.5
1559506203800 0 r 1 0 195.5
1559506203806 0 r 1 0 182.4
1559506203812 0 r 1 0 178.6
1559506203818 0 r 1 0 155.4
1559506203824 0 r 1 0 156.9
1559506203830 0 r 1 0 160.3
1559506203836 0 r 1 0 164.6
1559506203842 0 r 1 0 208.4
1559506203848 0 r 1 0 176.1
1559506203854 0 r 1 0 230.1
1559506203860 0 r 1 0 197.9
1559506203866 0 r 1 0 195.5
1559506203872 0 r 1 0 198.6
1559506203878 0 r 1 0 190.8
1559506203884 0 r 1 0 284.2
1559506203890 0 r 1 0 218.6
1559506203896 0 r 1 0 198.5
1559506203902 0 r 1 0 176.6
1559506203908 0 r 1 0 234.7
1559506203914 0 r 1 0 165.6
1559506203920 0 r 1 0 196.6
1559506203926 0 r 1 0 209.6
1559506203932 0 r 1 0 147.1
1559506203938 0 r 1 0 245.0
1559506203944 0 r 1 0 192.1
1559506203950 0 r 1 0 183.2
1559506203956 0 r 1 0 196.4
1559506203962 0 r 1 0 198.8
1559506203968 0 r 1 0 201.2
1559506203974 0 r 1 0 170.2
1559506203980 0 r 1 0 278.0
1559506203986 0 r 1 0 320.8
1559506203992 0 r 1 0 327.1
1559506203998 0 r 1 0 214.2
1559506204004 0 r 1 0 237.0
1559506204010 0 r 1 0 185.3
1559506204016 0 r 1 0 254.5
1559506204022 0 r 1 0 234.8
1559506204028 0 r 1 0 217.4
1559506204034 0 r 1 0 215.4
1559506204041 0 r 1 0 207.2
1559506204048 0 r 1 0 239.6
1559506204054 0 r 1 0 212.5
1559506204061 0 r 1 0 158.2
1559506204067 0 r 1 0 250.2
1559506204073 0 r 1 0 185.3
1559506204079 0 r 1 0 168.2
1559506204085 0 r 1 0 186.2
1559506204091 0 r 1 0 173.2
1559506204097 0 r 1 0 198.2
1559506204103 0 r 1 0 138.1
1559506204109 0 r 1 0 204.4
1559506204115 0 r 1 0 194.5
1559506204121 0 r 1 0 226.1
1559506204127 0 r 1 0 188.5
1559506204133 0 r 1 0 171.7
1559506204139 0 r 1 0 208.7
1559506204145 0 r 1 0 200.1
1559506204151 0 r 1 0 159.8
1559506204157 0 r 1 0 112.7
1559506204163 0 r 1 0 106.8
1559506204169 0 r 1 0 102.8
1559506204175 0 r 1 0 107.0
1559506204181 0 r 1 0 72.1
1559506204187 0 r 1 0 60.2
1559506204193 0 r 1 0 31.5
1559506204199 0 r 1 0 1.5
1559506204206 0 r 1 0 1.1
1559506204212 0 r 1 0 2.2
1559506204218 0 r 1 0 3.3
1559506204224 0 r 1 0 0.3
1559506204230 0 r 1 0 0.6
1559506204236 0 r 1 0 0.1
1559506204242 0 r 1 0 0.6
1559506204248 0 r 1 0 0.1
1559506204254 0 r 1 0 0.6
1559506204260 0 r 1 0 0.1
1559506204266 0 r 1 0 0.6
1559506204272 0 r 1 0 0.1
1559506204278 0 r 1 0 0.4
1559506204284 0 r 1 0 0.8
1559506204291 0 r 1 0 0.3
1559506204297 0 r 1 0 2.1
1559506204303 0 r 1 0 0.8
1559506204309 0 r 1 0 2.1
1559506204315 0 r 1 0 1.1
1559506204321 0 r 1 0 0.8
1559506204327 0 r 1 0 0.0
1559506204333 0 r 1 0 0.0
1559506204339 0 r 1 0 0.2
1559506204345 0 r 1 0 0.3
1559506204351 0 r 1 0 0.2
1559506204357 0 r 1 0 0.4
1559506204363 0 r 1 0 1.4
1559506204369 0 r 1 0 0.6
1559506204375 0 r 1 0 0.6
1559506204381 0 r 1 0 0.2
1559506204387 0 r 1 0 0.0
1559506204393 0 r 1 0 0.5
1559506204399 0 r 1 0 0.2
1559506204405 0 r 1 0 0.3
1559506204411 0 r 1 0 0.5
1559506204417 0 r 1 0 2.1
1559506204423 0 r 1 0 1.7
1559506204429 0 r 1 0 1.7
1559506204435 0 r 1 0 0.2
1559506204441 0 r 1 0 1.3
1559506204448 0 r 1 0 0.7
1559506204455 0 r 1 0 1.6
1559506204462 0 r 1 0 0.9
1559506204469 0 r 1 0 0.3
1559506204475 0 r 1 0 0.8
1559506204482 0 r 1 0 1.1
1559506204488 0 r 1 0 0.1
1559506204494 0 r 1 0 2.2
1559506204501 0 r 1 0 1.4
1559506204507 0 r 1 0 1.2
1559506204514 0 r 1 0 4.7
1559506204521 0 r 1 0 17.4
1559506204528 0 r 1 0 16.5
1559506204534 0 r 1 0 3.5
1559506204542 0 r 1 0 8.5
1559506204548 0 r 1 0 2.9
1559506204555 0 r 1 0 5.9
1559506204561 0 r 1 0 4.1
1559506204567 0 r 1 0 13.9
1559506204574 0 r 1 0 19.9
1559506204580 0 r 1 0 10.6
1559506204586 0 r 1 0 27.1
1559506204592 0 r 1 0 23.8
1559506204598 0 r 1 0 26.7
1559506204604 0 r 1 0 23.8
1559506204610 0 r 1 0 16.5
1559506204616 0 r 1 0 14.6
1559506204622 0 r 1 0 12.3
1559506204628 0 r 1 0 13.1
1559506204634 0 r 1 0 18.4
1559506204640 0 r 1 0 12.9
1559506204646 0 r 1 0 6.4
1559506204652 0 r 1 0 17.9
1559506204658 0 r 1 0 19.0
1559506204664 0 r 1 0 43.1
1559506204670 0 r 1 0 21.4
1559506204676 0 r 1 0 52.2
1559506204682 0 r 1 0 74.0
1559506204688 0 r 1 0 41.3
1559506204694 0 r 1 0 56.5
1559506204701 0 r 1 0 54.0
1559506204707 0 r 1 0 64.0
1559506204713 0 r 1 0 117.0
1559506204719 0 r 1 0 34.4
1559506204725 0 r 1 0 121.9
1559506204731 0 r 1 0 140.4
1559506204737 0 r 1 0 226.1
1559506204743 0 r 1 0 238.8
1559506204749 0 r 1 0 356.8
1559506204755 0 r 1 0 309.8
1559506204761 0 r 1 0 360.1
1559506204767 0 r 1 0 386.8
1559506204773 0 r 1 0 474.0
1559506204779 0 r 1 0 488.8
1559506204785 0 r 1 0 505.3
1559506204791 0 r 1 0 457.6
1559506204797 0 r 1 0 382.3
1559506204803 0 r 1 0 400.9
1559506204809 0 r 1 0 384.8
1559506204815 0 r 1 0 401.3
1559506204821 0 r 1 0 399.8
1559506204827 0 r 1 0 336.8
1559506204833 0 r 1 0 394.8
1559506204839 0 r 1 0 322.8
1559506204845 0 r 1 0 365.1
1559506204851 0 r 1 0 336.2
1559506204857 0 r 1 0 313.3
1559506204863 0 r 1 0 291.3
1559506204869 0 r 1 0 272.6
1559506204875 0 r 1 0 262.9
1559506204881 0 r 1 0 207.5
1559506204887 0 r 1 0 223.5
1559506204893 0 r 1 0 214.0
1559506204899 0 r 1 0 121.1
1559506204905 0 r 1 0 48.5
1559506204911 0 r 1 0 76.3
1559506204917 0 r 1 0 71.1
1559506204923 0 r 1 0 102.1
1559506204929 0 r 1 0 95.1
1559506204935 0 r 1 0 150.6
1559506204941 0 r 1 0 149.2
1559506204947 0 r 1 0 2.7
1559506204953 0 r 1 0 0.0
1559506204959 0 r 1 0 0.1
1559506204965 0 r 1 0 5.3
1559506204971 0 r 1 0 2.9
1559506204977 0 r 1 0 0.7
1559506204983 0 r 1 0 0.2
1559506204989 0 r 1 0 0.1
1559506204995 0 r 1 0 0.2
1559506205001 0 r 1 0 0.8
1559506205007 0 r 1 0 0.2
1559506205013 0 r 1 0 0.3
1559506205019 0 r 1 0 0.1
1559506205025 0 r 1 0 0.3
1559506205031 0 r 1 0 0.1
1559506205037 0 r 1 0 0.2
1559506205045 0 r 1 0 0.3
1559506205052 0 r 1 0 0.6
1559506205059 0 r 1 0 0.6
1559506205065 0 r 1 0 0.3
1559506205071 0 r 1 0 0.0
1559506205077 0 r 1 0 0.2
1559506205083 0 r 1 0 0.2
1559506205089 0 r 1 0 0.1
1559506205095 0 r 1 0 0.1
1559506205101 0 r 1 0 0.1
1559506205107 0 r 1 0 0.3
1559506205113 0 r 1 0 0.5
1559506205120 0 r 1 0 0.2
1559506205126 0 r 1 0 0.9
1559506205132 0 r 1 0 0.3
1559506205138 0 r 1 0 0.3
1559506205144 0 r 1 0 0.3
1559506205150 0 r 1 0 0.8
1559506205156 0 r 1 0 0.1
1559506205163 0 r 1 0 0.3
1559506205169 0 r 1 0 0.3
1559506205176 0 r 1 0 0.2
1559506205183 0 r 1 0 0.6
1559506205190 0 r 1 0 0.8
1559506205196 0 r 1 0 0.1
1559506205203 0 r 1 0 0.1
1559506205209 0 r 1 0 0.2
1559506205215 0 r 1 0 0.1
1559506205221 0 r 1 0 0.0
1559506205227 0 r 1 0 0.2
1559506205233 0 r 1 0 0.0
1559506205240 0 r 1 0 0.8
1559506205247 0 r 1 0 0.4
1559506205253 0 r 1 0 0.2
1559506205259 0 r 1 0 0.3
1559506205266 0 r 1 0 0.2
1559506205272 0 r 1 0 0.4
1559506205278 0 r 1 0 0.1
1559506205284 0 r 1 0 0.3
1559506205291 0 r 1 0 0.0
1559506205297 0 r 1 0 0.6
1559506205303 0 r 1 0 0.1
1559506205309 0 r 1 0 0.2
1559506205316 0 r 1 0 0.2
1559506205323 0 r 1 0 0.1
1559506205330 0 r 1 0 1.3
1559506205336 0 r 1 0 0.2
1559506205342 0 r 1 0 0.3
1559506205349 0 r 1 0 0.2
1559506205356 0 r 1 0 0.1
1559506205363 0 r 1 0 0.2
1559506205370 0 r 1 0 0.3
1559506205377 0 r 1 0 0.3
1559506205383 0 r 1 0 0.1
1559506205389 0 r 1 0 0.7
1559506205395 0 r 1 0 0.1
1559506205402 0 r 1 0 0.3
1559506205408 0 r 1 0 1.2
1559506205414 0 r 1 0 0.3
1559506205420 0 r 1 0 0.3
1559506205427 0 r 1 0 0.3
1559506205433 0 r 1 0 1.1
1559506205439 0 r 1 0 0.2
1559506205445 0 r 1 0 0.0
1559506205452 0 r 1 0 0.2
1559506205458 0 r 1 0 0.7
1559506205464 0 r 1 0 0.0
1559506205470 0 r 1 0 0.7
1559506205477 0 r 1 0 0.1
1559506205483 0 r 1 0 0.2
1559506205489 0 r 1 0 0.6
1559506205495 0 r 1 0 0.7
1559506205501 0 r 1 0 0.3
1559506205507 0 r 1 0 0.8
1559506205513 0 r 1 0 0.2
1559506205520 0 r 1 0 0.2
1559506205527 0 r 1 0 0.1
1559506205533 0 r 1 0 0.0
1559506205539 0 r 1 0 0.6
1559506205547 0 r 1 0 0.6
1559506205554 0 r 1 0 0.1
1559506205561 0 r 1 0 0.0
1559506205568 0 r 1 0 0.3
1559506205574 0 r 1 0 0.2
1559506205580 0 r 1 0 0.2
1559506205586 0 r 1 0 0.2
1559506205593 0 r 1 0 0.2
1559506205599 0 r 1 0 0.5
1559506205605 0 r 1 0 0.8
1559506205611 0 r 1 0 0.4
1559506205617 0 r 1 0 1.0
1559506205623 0 r 1 0 0.1
1559506205629 0 r 1 0 0.2
1559506205635 0 r 1 0 0.0
1559506205641 0 r 1 0 0.8
1559506205647 0 r 1 0 0.2
1559506205653 0 r 1 0 0.1
1559506205659 0 r 1 0 0.4
1559506205666 0 r 1 0 0.0
1559506205672 0 r 1 0 0.3
1559506205678 0 r 1 0 0.3
1559506205684 0 r 1 0 0.2
1559506205690 0 r 1 0 0.2
1559506205696 0 r 1 0 0.3
1559506205702 0 r 1 0 0.1
1559506205708 0 r 1 0 0.0
1559506205714 0 r 1 0 0.3
1559506205720 0 r 1 0 0.1
1559506205726 0 r 1 0 0.7
1559506205732 0 r 1 0 0.1
1559506205739 0 r 1 0 0.2
1559506205745 0 r 1 0 0.1
1559506205752 0 r 1 0 0.8
1559506205758 0 r 1 0 0.0
1559506205765 0 r 1 0 1.6
1559506205771 0 r 1 0 0.1
1559506205777 0 r 1 0 0.2
1559506205783 0 r 1 0 0.1
1559506205789 0 r 1 0 0.8
1559506205795 0 r 1 0 0.3
1559506205801 0 r 1 0 0.3
1559506205807 0 r 1 0 0.1
1559506205813 0 r 1 0 0.2
1559506205819 0 r 1 0 0.2
1559506205825 0 r 1 0 0.7
1559506205831 0 r 1 0 0.2
1559506205837 0 r 1 0 0.4
1559506205843 0 r 1 0 0.1
1559506205849 0 r 1 0 0.6
1559506205855 0 r 1 0 0.4
1559506205861 0 r 1 0 0.7
1559506205867 0 r 1 0 0.4
1559506205874 0 r 1 0 0.0
1559506205881 0 r 1 0 0.6
1559506205888 0 r 1 0 0.0
1559506205895 0 r 1 0 0.5
1559506205902 0 r 1 0 0.3
1559506205909 0 r 1 0 0.2
1559506205916 0 r 1 0 0.1
1559506205923 0 r 1 0 0.2
1559506205930 0 r 1 0 0.6
1559506205937 0 r 1 0 0.6
1559506205944 0 r 1 0 0.8
1559506205951 0 r 1 0 0.4
1559506205957 0 r 1 0 0.1
1559506205963 0 r 1 0 0.3
1559506205969 0 r 1 0 0.0
1559506205976 0 r 1 0 0.5
1559506205983 0 r 1 0 0.4
1559506205990 0 r 1 0 0.6
1559506205997 0 r 1 0 0.3
1559506206003 0 r 1 0 0.0
1559506206010 0 r 1 0 0.6
1559506206016 0 r 1 0 0.1
1559506206023 0 r 1 0 0.4
1559506206029 0 r 1 0 0.6
1559506206036 0 r 1 0 0.1
1559506206043 0 r 1 0 1.1
1559506206051 0 r 1 0 0.3
1559506206058 0 r 1 0 1.9
1559506206064 0 r 1 0 0.6
1559506206071 0 r 1 0 0.3
1559506206077 0 r 1 0 0.5
1559506206083 0 r 1 0 0.1
1559506206089 0 r 1 0 0.3
1559506206095 1 e 0 0 1.0
1559506210218 1 s 1 0 0
1559506210234 1 s 1 0 0.2
1559506210241 1 s 1 0 0.2
1559506210249 1 s 1 0 0.1
1559506210257 1 s 1 0 0.0
1559506210264 1 s 1 0 0.2
1559506210271 1 s 1 0 0.0
1559506210277 1 s 1 0 0.1
1559506210284 1 s 1 0 0.3
1559506210290 1 s 1 0 0.2
1559506210296 1 s 1 0 0.2
1559506210302 1 s 1 0 0.1
1559506210308 1 s 1 0 0.3
1559506210314 1 s 1 0 0.2
1559506210320 1 s 1 0 0.7
1559506210326 1 s 1 0 0.9
1559506210332 1 s 1 0 0.1
1559506210338 1 s 1 0 0.1
1559506210344 1 s 1 0 0.5
1559506210350 1 s 1 0 0.1
1559506210356 1 s 1 0 0.1
1559506210362 1 s 1 0 0.1
1559506210368 1 s 1 0 0.4
1559506210374 1 s 1 0 0.6
1559506210380 1 s 1 0 0.6
1559506210386 1 s 1 0 0.3
1559506210392 1 s 1 0 0.4
1559506210398 1 s 1 0 0.3
1559506210404 1 s 1 0 0.2
1559506210410 1 s 1 0 0.2
1559506210416 1 s 1 0 0.3
1559506210422 1 s 1 0 0.3
1559506210428 1 s 1 0 0.6
1559506210434 1 s 1 0 1.8
1559506210440 1 s 1 0 0.8
1559506210446 1 s 1 0 0.2
1559506210452 1 s 1 0 0.0
1559506210459 1 s 1 0 0.1
1559506210466 1 s 1 0 0.3
1559506210473 1 s 1 0 0.6
1559506210479 1 s 1 0 0.1
1559506210485 1 s 1 0 0.1
1559506210491 1 s 1 0 1.0
1559506210497 1 s 1 0 0.0
1559506210503 1 s 1 0 1.4
1559506210509 1 s 1 0 0.1
1559506210516 1 s 1 0 0.3
1559506210523 1 s 1 0 0.1
1559506210529 1 s 1 0 0.5
1559506210536 1 s 1 0 0.2
1559506210542 1 s 1 0 0.4
1559506210548 1 s 1 0 0.3
1559506210554 1 s 1 0 1.0
1559506210560 1 s 1 0 1.2
1559506210566 1 s 1 0 0.1
1559506210572 1 s 1 0 1.3
1559506210578 1 s 1 0 0.0
1559506210584 1 s 1 0 0.4
1559506210590 1 s 1 0 0.2
1559506210596 1 s 1 0 0.4
1559506210602 1 s 1 0 0.4
1559506210608 1 s 1 0 1.1
1559506210614 1 s 1 0 0.6
1559506210620 1 s 1 0 0.5
1559506210626 1 s 1 0 0.2
1559506210632 1 s 1 0 0.2
1559506210638 1 s 1 0 0.3
1559506210644 1 s 1 0 0.2
1559506210650 1 s 1 0 0.5
1559506210656 1 s 1 0 0.9
1559506210662 1 s 1 0 0.5
1559506210668 1 s 1 0 0.0
1559506210674 1 s 1 0 0.3
1559506210680 1 s 1 0 0.4
1559506210686 1 s 1 0 0.2
1559506210692 1 s 1 0 0.1
1559506210698 1 s 1 0 0.1
1559506210704 1 s 1 0 0.9
1559506210711 1 s 1 0 0.2
1559506210717 1 s 1 0 0.3
1559506210723 1 s 1 0 0.0
1559506210729 1 s 1 0 0.8
1559506210735 1 s 1 0 0.3
1559506210742 1 s 1 0 0.8
1559506210748 1 s 1 0 0.5
1559506210754 1 s 1 0 0.3
1559506210760 1 s 1 0 0.2
1559506210766 1 s 1 0 0.4
1559506210772 1 s 1 0 0.1
1559506210778 1 s 1 0 0.2
1559506210784 1 s 1 0 0.1
1559506210791 1 s 1 0 0.2
1559506210797 1 s 1 0 0.3
1559506210803 1 s 1 0 0.1
1559506210809 1 s 1 0 0.4
1559506210815 1 s 1 0 1.1
1559506210821 1 s 1 0 0.8
1559506210827 1 s 1 0 0.4
1559506210833 1 s 1 0 0.4
1559506210839 1 s 1 0 0.1
1559506210845 1 s 1 0 0.1
1559506210851 1 s 1 0 0.2
1559506210857 1 s 1 0 0.3
1559506210863 1 s 1 0 0.2
1559506210869 1 s 1 0 0.1
1559506210875 1 s 1 0 0.1
1559506210881 1 s 1 0 1.3
1559506210887 1 s 1 0 0.0
1559506210893 1 s 1 0 0.1
1559506210899 1 s 1 0 0.0
1559506210905 1 s 1 0 0.4
1559506210911 1 s 1 0 0.3
1559506210917 1 s 1 0 0.2
1559506210923 1 s 1 0 0.6
1559506210929 1 s 1 0 0.1
1559506210935 1 s 1 0 0.6
1559506210941 1 s 1 0 0.8
1559506210947 1 s 1 0 0.2
1559506210953 1 s 1 0 0.1
1559506210959 1 s 1 0 0.5
1559506210965 1 s 1 0 0.2
1559506210971 1 s 1 0 0.8
1559506210977 1 s 1 0 0.4
1559506210983 1 s 1 0 0.1
1559506210989 1 s 1 0 0.3
1559506210995 1 s 1 0 0.3
1559506211001 1 s 1 0 1.0
1559506211007 1 s 1 0 0.4
1559506211013 1 s 1 0 0.3
1559506211019 1 s 1 0 0.5
1559506211025 1 s 1 0 0.3
1559506211031 1 s 1 0 1.2
1559506211037 1 s 1 0 0.2
1559506211043 1 s 1 0 0.3
1559506211049 1 s 1 0 1.2
1559506211055 1 s 1 0 0.0
1559506211061 1 s 1 0 0.0
1559506211067 1 s 1 0 0.2
1559506211073 1 s 1 0 0.1
1559506211079 1 s 1 0 0.2
1559506211085 1 s 1 0 0.8
1559506211091 1 s 1 0 0.4
1559506211097 1 s 1 0 0.5
1559506211103 1 s 1 0 0.0
1559506211109 1 s 1 0 0.9
1559506211115 1 s 1 0 0.0
1559506211121 1 s 1 0 0.2
1559506211127 1 s 1 0 0.6
1559506211133 1 s 1 0 0.3
1559506211139 1 s 1 0 0.1
1559506211145 1 s 1 0 0.2
1559506211151 1 s 1 0 0.8
1559506211157 1 s 1 0 0.3
1559506211163 1 s 1 0 0.2
1559506211169 1 s 1 0 0.0
1559506211175 1 s 1 0 0.6
1559506211181 1 s 1 0 0.1
1559506211187 1 s 1 0 1.0
1559506211193 1 s 1 0 0.7
1559506211199 1 s 1 0 0.2
1559506211205 1 s 1 0 0.4
1559506211211 1 s 1 0 0.9
1559506211217 1 s 1 0 0.3
1559506211223 1 s 1 0 0.1
1559506211229 1 s 1 0 0.4
1559506211235 1 s 1 0 1.2
1559506211241 1 s 1 0 0.2
1559506211248 1 s 1 0 0.8
1559506211254 1 s 1 0 0.3
1559506211260 1 s 1 0 0.6
1559506211266 1 s 1 0 0.3
1559506211272 1 s 1 0 0.9
1559506211278 1 s 1 0 0.1
1559506211284 1 s 1 0 0.5
1559506211290 1 s 1 0 0.2
1559506211296 1 s 1 0 0.6
1559506211302 1 s 1 0 0.1
1559506211308 1 s 1 0 0.2
1559506211314 1 s 1 0 0.4
1559506211320 1 s 1 0 0.7
1559506211326 1 s 1 0 0.4
1559506211332 1 s 1 0 0.1
1559506211338 1 s 1 0 0.9
1559506211344 1 s 1 0 0.2
1559506211350 1 s 1 0 0.4
1559506211356 1 s 1 0 0.3
1559506211362 1 s 1 0 0.2
1559506211368 1 s 1 0 0.3
1559506211374 1 s 1 0 0.4
1559506211380 1 s 1 0 0.1
1559506211386 1 s 1 0 0.0
1559506211392 1 s 1 0 0.1
1559506211398 1 s 1 0 0.0
1559506211404 1 s 1 0 0.0
1559506211410 1 s 1 0 1.0
1559506211416 1 s 1 0 0.2
1559506211422 1 s 1 0 0.6
1559506211428 1 s 1 0 0.2
1559506211434 1 s 1 0 0.5
1559506211440 1 s 1 0 0.1
1559506211446 1 s 1 0 0.1
1559506211452 1 s 1 0 0.1
1559506211458 1 s 1 0 0.3
1559506211464 1 s 1 0 0.5
1559506211470 1 s 1 0 0.1
1559506211476 1 s 1 0 0.1
1559506211482 1 s 1 0 0.2
1559506211488 1 s 1 0 0.1
1559506211494 1 s 1 0 0.0
1559506211500 1 s 1 0 0.6
1559506211506 1 s 1 0 0.7
1559506211512 1 s 1 0 0.1
1559506211518 1 s 1 0 0.2
1559506211524 1 s 1 0 0.0
1559506211530 1 s 1 0 0.3
1559506211536 1 s 1 0 0.5
1559506211542 1 s 1 0 0.1
1559506211548 1 s 1 0 0.1
1559506211554 1 s 1 0 0.1
1559506211560 1 s 1 0 0.7
1559506211566 1 s 1 0 0.1
1559506211572 1 s 1 0 0.3
1559506211578 1 s 1 0 0.1
1559506211584 1 s 1 0 0.3
1559506211590 1 s 1 0 0.9
1559506211596 1 s 1 0 0.8
1559506211602 1 s 1 0 0.2
1559506211608 1 s 1 0 0.1
1559506211614 1 s 1 0 0.2
1559506211620 1 s 1 0 0.1
1559506211626 1 s 1 0 0.1
1559506211632 1 s 1 0 0.3
1559506211638 1 s 1 0 0.1
1559506211644 1 s 1 0 0.6
1559506211650 1 s 1 0 0.0
1559506211656 1 s 1 0 0.3
1559506211662 1 s 1 0 0.1
1559506211668 1 s 1 0 0.2
1559506211674 1 s 1 0 0.6
1559506211680 1 s 1 0 0.3
1559506211686 1 s 1 0 0.2
1559506211692 1 s 1 0 0.2
1559506211698 1 s 1 0 0.0
1559506211704 1 s 1 0 0.6
1559506211710 1 s 1 0 0.3
1559506211716 1 s 1 0 0.3
1559506211722 1 s 1 0 0.4
1559506211728 1 s 1 0 0.3
1559506211734 1 s 1 0 0.3
1559506211740 1 s 1 0 0.2
1559506211746 1 s 1 0 0.9
1559506211753 1 s 1 0 0.0
1559506211759 1 s 1 0 0.3
1559506211765 1 s 1 0 0.2
1559506211771 1 s 1 0 0.0
1559506211777 1 s 1 0 0.0
1559506211783 1 s 1 0 0.1
1559506211789 1 s 1 0 0.4
1559506211795 1 s 1 0 1.2
1559506211801 1 s 1 0 0.1
1559506211807 1 s 1 0 0.2
