time trial exp_response rob_moving image_triggered in_reward_window z_poi
1576870375672 0 s 1 1 0 0.3
1576870375702 0 s 1 1 0 0.3
1576870375711 0 s 1 1 0 0.0
1576870375723 0 s 1 1 0 0.1
1576870375732 0 s 1 1 0 0.3
1576870375740 0 s 1 1 0 0.0
1576870375747 0 s 1 1 0 0.4
1576870375754 0 s 1 1 0 0.3
1576870375760 0 s 1 1 0 0.0
1576870375766 0 s 1 1 0 0.1
1576870375772 0 s 1 1 0 0.0
1576870375778 0 s 1 1 0 0.8
1576870375784 0 s 1 1 0 0.0
1576870375791 0 s 1 1 0 0.8
1576870375797 0 s 1 1 0 0.3
1576870375803 0 s 1 1 0 0.4
1576870375809 0 s 1 1 0 0.5
1576870375815 0 s 1 1 0 0.0
1576870375821 0 s 1 1 0 0.1
1576870375827 0 s 1 1 0 0.4
1576870375833 0 s 1 1 0 0.5
1576870375839 0 s 1 1 0 0.0
1576870375845 0 s 1 1 0 0.5
1576870375851 0 s 1 1 0 0.1
1576870375857 0 s 1 1 0 0.4
1576870375863 0 s 1 1 0 0.0
1576870375869 0 s 1 1 0 0.5
1576870375875 0 s 1 1 0 0.0
1576870375881 0 s 1 1 0 0.0
1576870375887 0 s 1 1 0 0.4
1576870375893 0 s 1 1 0 0.1
1576870375899 0 s 1 1 0 0.5
1576870375905 0 s 1 1 0 0.0
1576870375911 0 s 1 1 0 0.5
1576870375917 0 s 1 1 0 0.0
1576870375923 0 s 1 1 0 0.5
1576870375929 0 s 1 1 0 0.5
1576870375935 0 s 1 1 0 0.3
1576870375941 0 s 1 1 0 0.3
1576870375947 0 s 1 1 0 0.0
1576870375953 0 s 1 1 0 0.0
1576870375959 0 s 1 1 0 0.1
1576870375965 0 s 1 1 0 0.3
1576870375971 0 s 1 1 0 0.1
1576870375977 0 s 1 1 0 0.0
1576870375983 0 s 1 1 0 0.4
1576870375989 0 s 1 1 0 1.3
1576870375995 0 s 1 1 0 0.5
1576870376001 0 s 1 1 0 0.4
1576870376007 0 s 1 1 0 0.1
1576870376013 0 s 1 1 0 0.4
1576870376019 0 s 1 1 0 0.0
1576870376025 0 s 1 1 0 0.0
1576870376031 0 s 1 1 0 0.5
1576870376037 0 s 1 1 0 0.0
1576870376043 0 s 1 1 0 0.3
1576870376049 0 s 1 1 0 0.1
1576870376055 0 s 1 1 0 0.5
1576870376061 0 s 1 1 0 0.1
1576870376067 0 s 1 1 0 0.1
1576870376073 0 s 1 1 0 0.3
1576870376079 0 s 1 1 0 0.5
1576870376085 0 s 1 1 0 0.0
1576870376091 0 s 1 1 0 0.0
1576870376097 0 s 1 1 0 0.5
1576870376103 0 s 1 1 0 0.0
1576870376109 0 s 1 1 0 0.1
1576870376115 0 s 1 1 0 0.5
1576870376122 0 s 1 1 0 0.1
1576870376128 0 s 1 1 0 0.5
1576870376134 0 s 1 1 0 0.0
1576870376140 0 s 1 1 0 0.0
1576870376146 0 s 1 1 0 0.0
1576870376152 0 s 1 1 0 0.3
1576870376158 0 s 1 1 0 0.0
1576870376164 0 s 1 1 0 0.0
1576870376170 0 s 1 1 0 0.0
1576870376176 0 s 1 1 0 0.0
1576870376182 0 s 1 1 0 0.0
1576870376188 0 s 1 1 0 0.0
1576870376194 0 s 1 1 0 1.0
1576870376200 0 s 1 1 0 0.0
1576870376206 0 s 1 1 0 0.3
1576870376212 0 s 1 1 0 0.0
1576870376218 0 s 1 1 0 0.4
1576870376224 0 s 1 1 0 0.0
1576870376230 0 s 1 1 0 0.0
1576870376236 0 s 1 1 0 0.3
1576870376242 0 s 1 1 0 0.1
1576870376248 0 s 1 1 0 0.0
1576870376254 0 s 1 1 0 0.0
1576870376260 0 s 1 1 0 0.5
1576870376266 0 s 1 1 0 0.5
1576870376272 0 s 1 1 0 0.4
1576870376278 0 s 1 1 0 0.3
1576870376284 0 s 1 1 0 0.0
1576870376290 0 s 1 1 0 0.1
1576870376296 0 s 1 1 0 0.9
1576870376302 0 s 1 1 0 0.1
1576870376308 0 s 1 1 0 0.0
1576870376314 0 s 1 1 0 0.1
1576870376320 0 s 1 1 0 0.0
1576870376326 0 s 1 1 0 0.3
1576870376332 0 s 1 1 0 0.0
1576870376338 0 s 1 1 0 0.1
1576870376344 0 s 1 1 0 0.4
1576870376350 0 s 1 1 0 0.5
1576870376356 0 s 1 1 0 0.5
1576870376362 0 s 1 1 0 0.0
1576870376368 0 s 1 1 0 0.0
1576870376374 0 s 1 1 0 0.0
1576870376380 0 s 1 1 0 1.0
1576870376386 0 s 1 1 0 0.0
1576870376392 0 s 1 1 0 0.3
1576870376398 0 s 1 1 0 0.4
1576870376404 0 s 1 1 0 0.5
1576870376410 0 s 1 1 0 0.4
1576870376416 0 s 1 1 0 0.3
1576870376422 0 s 1 1 0 0.0
1576870376428 0 s 1 1 0 0.5
1576870376434 0 s 1 1 0 0.0
1576870376440 0 s 1 1 0 0.1
1576870376446 0 s 1 1 0 0.4
1576870376452 0 s 1 1 0 0.1
1576870376458 0 s 1 1 0 0.0
1576870376464 0 s 1 1 0 0.0
1576870376470 0 s 1 1 0 0.0
1576870376476 0 s 1 1 0 0.4
1576870376482 0 s 1 1 0 0.3
1576870376488 0 s 1 1 0 0.0
1576870376494 0 s 1 1 0 0.3
1576870376500 0 s 1 1 0 0.3
1576870376506 0 s 1 1 0 0.0
1576870376512 0 s 1 1 0 0.0
1576870376518 0 s 1 1 0 0.3
1576870376524 0 s 1 1 0 0.0
1576870376530 0 s 1 1 0 0.0
1576870376536 0 s 1 1 0 0.3
1576870376542 0 s 1 1 0 0.5
1576870376548 0 s 1 1 0 0.4
1576870376554 0 s 1 1 0 0.0
1576870376560 0 s 1 1 0 0.0
1576870376566 0 s 1 1 0 0.0
1576870376572 0 s 1 1 0 0.0
1576870376578 0 s 1 1 0 0.0
1576870376584 0 s 1 1 0 0.5
1576870376590 0 s 1 1 0 0.0
1576870376596 0 s 1 1 0 0.3
1576870376602 0 s 1 1 0 0.4
1576870376608 0 s 1 1 0 0.4
1576870376614 0 s 1 1 0 0.0
1576870376620 0 s 1 1 0 0.0
1576870376627 0 s 1 1 0 0.0
1576870376633 0 s 1 1 0 0.0
1576870376639 0 s 1 1 0 0.4
1576870376645 0 s 1 1 0 0.3
1576870376651 0 s 1 1 0 0.0
1576870376657 0 s 1 1 0 0.0
1576870376663 0 s 1 1 0 0.3
1576870376669 0 s 1 1 0 0.5
1576870376675 0 s 1 1 0 0.0
1576870376681 0 s 1 1 0 0.3
1576870376687 0 s 1 1 0 0.0
1576870376693 0 s 1 1 0 0.0
1576870376699 0 s 1 1 0 0.0
1576870376705 0 s 1 1 0 0.1
1576870376711 0 s 1 1 0 0.5
1576870376717 0 s 1 1 0 0.0
1576870376723 0 s 1 1 0 0.7
1576870376729 0 s 1 1 0 0.1
1576870376735 0 s 1 1 0 0.3
1576870376741 0 s 1 1 0 0.0
1576870376747 0 s 1 1 0 0.1
1576870376753 0 s 1 1 0 0.4
1576870376759 0 s 1 1 0 0.0
1576870376765 0 s 1 1 0 0.3
1576870376771 0 s 1 1 0 0.4
1576870376777 0 s 1 1 0 0.0
1576870376783 0 s 1 1 0 0.5
1576870376789 0 s 1 1 0 0.0
1576870376795 0 s 1 1 0 0.4
1576870376801 0 s 1 1 0 0.3
1576870376807 0 s 1 1 0 0.1
1576870376813 0 s 1 1 0 0.3
1576870376819 0 s 1 1 0 0.3
1576870376825 0 s 1 1 0 0.3
1576870376831 0 s 1 1 0 0.0
1576870376837 0 s 1 1 0 0.1
1576870376843 0 s 1 1 0 1.8
1576870376849 0 s 1 1 0 0.0
1576870376855 0 s 1 1 0 0.0
1576870376861 0 s 1 1 0 0.3
1576870376867 0 s 1 1 0 0.0
1576870376873 0 s 1 1 0 0.4
1576870376879 0 s 1 1 0 0.0
1576870376885 0 s 1 1 0 0.3
1576870376891 0 s 1 1 0 0.1
1576870376897 0 s 1 1 0 0.1
1576870376903 0 s 1 1 0 0.5
1576870376909 0 s 1 1 0 0.4
1576870376915 0 s 1 1 0 0.0
1576870376921 0 s 1 1 0 0.1
1576870376927 0 s 1 1 0 0.0
1576870376933 0 s 1 1 0 0.3
1576870376939 0 s 1 1 0 0.0
1576870376945 0 s 1 1 0 0.5
1576870376951 0 s 1 1 0 0.4
1576870376957 0 s 1 1 0 0.0
1576870376963 0 s 1 1 0 0.4
1576870376969 0 s 1 1 0 0.0
1576870376975 0 s 1 1 0 0.0
1576870376981 0 s 1 1 0 0.3
1576870376987 0 s 1 1 0 0.0
1576870376993 0 s 1 1 0 0.3
1576870376999 0 s 1 1 0 0.1
1576870377005 0 s 1 1 0 0.0
1576870377011 0 s 1 1 0 0.1
1576870377017 0 s 1 1 0 0.0
1576870377023 0 s 1 1 0 0.1
1576870377029 0 s 1 1 0 0.1
1576870377035 0 s 1 1 0 0.5
1576870377041 0 s 1 1 0 0.3
1576870377047 0 s 1 1 0 0.0
1576870377053 0 s 1 1 0 0.0
1576870377059 0 s 1 1 0 0.4
1576870377065 0 s 1 1 0 0.4
1576870377071 0 s 1 1 0 0.0
1576870377077 0 s 1 1 0 0.5
1576870377083 0 s 1 1 0 0.1
1576870377089 0 s 1 1 0 0.1
1576870377095 0 s 1 1 0 0.0
1576870377101 0 s 1 1 0 0.0
1576870377107 0 s 1 1 0 0.5
1576870377113 0 s 1 1 0 0.0
1576870377119 0 s 1 1 0 0.0
1576870377125 0 s 1 1 0 0.1
1576870377132 0 s 1 1 0 0.1
1576870377138 0 s 1 1 0 0.5
1576870377144 0 s 1 1 0 0.3
1576870377150 0 s 1 1 0 0.0
1576870377156 0 s 1 1 0 0.0
1576870377162 0 s 1 1 0 0.4
1576870377168 0 s 1 1 0 0.0
1576870377174 0 s 1 1 0 0.3
1576870377180 0 s 1 1 0 0.5
1576870377186 0 s 1 1 0 0.3
1576870377192 0 s 1 1 0 0.1
1576870377198 0 s 1 1 0 0.1
1576870377204 0 s 1 1 0 0.3
1576870377210 0 s 1 1 0 0.4
1576870377216 0 s 1 1 0 0.0
1576870377222 0 s 1 1 0 0.0
1576870377228 0 s 1 1 0 0.0
1576870377234 0 s 1 1 0 0.4
1576870377240 0 s 1 1 0 0.3
1576870377246 0 s 1 1 0 0.9
1576870377252 0 s 1 1 0 0.0
1576870377258 0 s 1 1 0 0.0
1576870377264 0 s 1 1 0 1.7
1576870377270 0 s 1 1 0 0.4
1576870377276 0 s 1 1 0 0.1
1576870377282 0 s 1 1 0 0.3
1576870377288 0 s 1 1 0 0.3
1576870377294 0 s 1 1 0 0.0
1576870377300 0 s 1 1 0 0.1
1576870377306 0 s 1 1 0 0.0
1576870377312 0 s 1 1 0 0.1
1576870377318 0 s 1 1 0 0.0
1576870377324 0 s 1 1 0 0.0
1576870377330 0 s 1 1 0 0.4
1576870377336 0 s 1 1 0 0.1
1576870377342 0 s 1 1 0 0.0
1576870377348 0 s 1 1 0 0.0
1576870377354 0 s 1 1 0 0.5
1576870377360 0 s 1 1 0 0.5
1576870377366 0 s 1 1 0 0.3
1576870377372 0 s 1 1 0 0.1
1576870377378 0 s 1 1 0 0.4
1576870377384 0 s 1 1 0 0.0
1576870377390 0 s 1 1 0 0.1
1576870377396 0 s 1 1 0 0.1
1576870377402 0 s 1 1 0 0.0
1576870377408 0 s 1 1 0 0.0
1576870377414 0 s 1 1 0 0.3
1576870377420 0 s 1 1 0 0.1
1576870377426 0 s 1 1 0 0.3
1576870377432 0 s 1 1 0 0.5
1576870377438 0 s 1 1 0 0.4
1576870377444 0 s 1 1 0 0.1
1576870377450 0 s 1 1 0 0.1
1576870377456 0 s 1 1 0 0.0
1576870377462 0 s 1 1 0 0.3
1576870377468 0 s 1 1 0 0.7
1576870377474 0 s 1 1 0 0.0
1576870377480 0 s 1 1 0 1.5
1576870377486 0 s 1 1 0 0.1
1576870377492 0 s 1 1 0 0.0
1576870377498 0 s 1 1 0 0.1
1576870377504 0 s 1 1 0 1.1
1576870377510 0 s 1 1 0 0.0
1576870377516 0 s 1 1 0 0.1
1576870377522 0 s 1 1 0 0.0
1576870377528 0 s 1 1 0 0.0
1576870377534 0 s 1 1 0 0.0
1576870377540 0 s 1 1 0 0.0
1576870377546 0 s 1 1 0 0.4
1576870377552 0 s 1 1 0 0.0
1576870377558 0 s 1 1 0 0.4
1576870377564 0 s 1 1 0 0.4
1576870377570 0 s 1 1 0 0.1
1576870377576 0 s 1 1 0 0.3
1576870377582 0 s 1 1 0 0.0
1576870377588 0 s 1 1 0 0.0
1576870377594 0 s 1 1 0 0.1
1576870377600 0 s 1 1 0 0.5
1576870377606 0 s 1 1 0 0.4
1576870377612 0 s 1 1 0 0.1
1576870377618 0 s 1 1 0 0.0
1576870377624 0 s 1 1 0 0.5
1576870377630 0 s 1 1 0 0.4
1576870377637 0 s 1 1 0 0.0
1576870377643 0 s 1 1 0 0.1
1576870377649 0 s 1 1 0 0.7
1576870377655 0 s 1 1 0 0.3
1576870377661 0 s 1 1 0 0.0
1576870377667 0 s 1 1 0 0.3
1576870377673 0 s 1 1 0 1.7
1576870377679 0 s 1 1 0 0.3
1576870377685 0 s 1 1 0 0.4
1576870377691 0 s 1 1 0 0.5
1576870377697 0 s 1 1 0 0.0
1576870377703 0 s 1 1 0 0.0
1576870377709 0 s 1 1 0 0.0
1576870377715 0 s 1 1 0 0.1
1576870377721 0 s 1 1 0 0.0
1576870377727 0 s 1 1 0 0.0
1576870377733 0 s 1 1 0 0.4
1576870377739 0 s 1 1 0 0.0
1576870377745 0 s 1 1 0 0.5
1576870377751 0 s 1 1 0 0.0
1576870377757 0 s 1 1 0 0.5
1576870377763 0 s 1 1 0 0.1
1576870377769 0 s 1 1 0 0.0
1576870377775 0 s 1 1 0 0.0
1576870377781 0 s 1 1 0 0.4
1576870377787 0 s 1 1 0 0.4
1576870377793 0 s 1 1 0 0.5
1576870377799 0 s 1 1 0 0.4
1576870377805 0 s 1 1 0 0.1
1576870377811 0 s 1 1 0 0.1
1576870377817 0 s 1 1 0 0.0
1576870377823 0 s 1 1 0 0.0
1576870377829 0 s 1 1 0 0.0
1576870377835 0 s 1 1 0 0.0
1576870377841 0 s 1 1 0 0.0
1576870377847 0 s 1 1 0 0.1
1576870377853 0 s 1 1 0 0.4
1576870377859 0 s 1 1 0 0.1
1576870377865 0 s 1 1 0 0.0
1576870377871 0 s 1 1 0 0.5
1576870377877 0 s 1 1 0 0.0
1576870377883 0 s 1 1 0 0.4
1576870377889 0 s 1 1 0 0.4
1576870377895 0 s 1 1 0 0.4
1576870377901 0 s 1 1 0 0.0
1576870377907 0 s 1 1 0 0.0
1576870377913 0 s 1 1 0 0.0
1576870377919 0 s 1 1 0 0.3
1576870377925 0 s 1 1 0 0.3
1576870377931 0 s 1 1 0 0.0
1576870377937 0 s 1 1 0 0.7
1576870377943 0 s 1 1 0 1.0
1576870377949 0 s 1 1 0 0.3
1576870377955 0 s 1 1 0 0.0
1576870377961 0 s 1 1 0 0.0
1576870377967 0 s 1 1 0 0.0
1576870377973 0 s 1 1 0 0.5
1576870377979 0 s 1 1 0 0.3
1576870377985 0 s 1 1 0 0.0
1576870377991 0 s 1 1 0 0.0
1576870377997 0 s 1 1 0 0.1
1576870378003 0 s 1 1 0 0.4
1576870378009 0 s 1 1 0 0.4
1576870378015 0 s 1 1 0 0.5
1576870378021 0 s 1 1 0 0.0
1576870378027 0 s 1 1 0 0.0
1576870378033 0 s 1 1 0 0.5
1576870378039 0 s 1 1 0 0.0
1576870378045 0 s 1 1 0 0.0
1576870378051 0 s 1 1 0 0.4
1576870378057 0 s 1 1 0 0.1
1576870378063 0 s 1 1 0 0.0
1576870378069 0 s 1 1 0 1.0
1576870378075 0 s 1 1 0 0.3
1576870378081 0 s 1 1 0 0.3
1576870378087 0 s 1 1 0 0.5
1576870378093 0 s 1 1 0 0.4
1576870378099 0 s 1 1 0 0.3
1576870378105 0 s 1 1 0 0.0
1576870378111 0 s 1 1 0 0.3
1576870378117 0 s 1 1 0 0.0
1576870378123 0 s 1 1 0 0.0
1576870378129 0 s 1 1 0 0.0
1576870378135 0 s 1 1 0 0.4
1576870378142 0 s 1 1 0 0.1
1576870378148 0 s 1 1 0 0.3
1576870378154 0 s 1 1 0 0.3
1576870378160 0 s 1 1 0 0.0
1576870378166 0 s 1 1 0 0.1
1576870378172 0 s 1 1 0 0.5
1576870378178 0 s 1 1 0 0.5
1576870378184 0 s 1 1 0 0.4
1576870378190 0 s 1 1 0 0.0
1576870378196 0 s 1 1 0 0.5
1576870378202 0 s 1 1 0 0.0
1576870378208 0 s 1 1 0 0.0
1576870378214 0 s 1 1 0 0.3
1576870378220 0 s 1 1 0 0.3
1576870378226 0 s 1 1 0 0.3
1576870378232 0 s 1 1 0 0.1
1576870378238 0 s 1 1 0 0.0
1576870378244 0 s 1 1 0 0.4
1576870378250 0 s 1 1 0 0.3
1576870378256 0 s 1 1 0 0.4
1576870378262 0 s 1 1 0 0.4
1576870378268 0 s 1 1 0 0.1
1576870378274 0 s 1 1 0 0.0
1576870378280 0 s 1 1 0 0.0
1576870378286 0 s 1 1 0 0.3
1576870378292 0 s 1 1 0 0.4
1576870378298 0 s 1 1 0 0.1
1576870378304 0 s 1 1 0 0.3
1576870378310 0 s 1 1 0 0.4
1576870378316 0 s 1 1 0 0.1
1576870378322 0 s 1 1 0 0.0
1576870378328 0 s 1 1 0 0.5
1576870378334 0 s 1 1 0 0.3
1576870378340 0 s 1 1 0 0.4
1576870378346 0 s 1 1 0 0.4
1576870378352 0 s 1 1 0 0.0
1576870378358 0 s 1 1 0 0.3
1576870378364 0 s 1 1 0 0.4
1576870378370 0 s 1 1 0 0.1
1576870378376 0 s 1 1 0 0.0
1576870378382 0 s 1 1 0 0.1
1576870378388 0 s 1 1 0 0.4
1576870378394 0 s 1 1 0 1.8
1576870378400 0 s 1 1 0 0.0
1576870378406 0 s 1 1 0 0.0
1576870378412 0 s 1 1 0 0.0
1576870378418 0 s 1 1 0 0.4
1576870378424 0 s 1 1 0 0.0
1576870378430 0 s 1 1 0 0.1
1576870378436 0 s 1 1 0 0.0
1576870378442 0 s 1 1 0 0.0
1576870378448 0 s 1 1 0 0.0
1576870378454 0 s 1 1 0 0.0
1576870378460 0 s 1 1 0 0.0
1576870378466 0 s 1 1 0 0.4
1576870378472 0 s 1 1 0 0.1
1576870378478 0 s 1 1 0 0.4
1576870378484 0 s 1 1 0 0.0
1576870378490 0 s 1 1 0 0.4
1576870378496 0 s 1 1 0 0.7
1576870378502 0 s 1 1 0 0.0
1576870378508 0 s 1 1 0 0.0
1576870378514 0 s 1 1 0 0.3
1576870378520 0 s 1 1 0 0.0
1576870378526 0 s 1 1 0 0.0
1576870378532 0 s 1 1 0 0.4
1576870378538 0 s 1 1 0 0.0
1576870378544 0 s 1 1 0 0.1
1576870378550 0 s 1 1 0 0.0
1576870378556 0 s 1 1 0 0.5
1576870378562 0 s 1 1 0 0.1
1576870378568 0 s 1 1 0 0.0
1576870378574 0 s 1 1 0 0.1
1576870378580 0 s 1 1 0 0.3
1576870378586 0 s 1 1 0 0.5
1576870378592 0 s 1 1 0 0.3
1576870378598 0 s 1 1 0 0.1
1576870378604 0 s 1 1 0 0.1
1576870378610 0 s 1 1 0 0.1
1576870378616 0 s 1 1 0 0.3
1576870378622 0 s 1 1 0 0.0
1576870378628 0 s 1 1 0 0.1
1576870378634 0 s 1 1 0 0.0
1576870378640 0 s 1 1 0 0.3
1576870378647 0 s 1 1 0 0.0
1576870378653 0 s 1 1 0 0.5
1576870378659 0 s 1 1 0 1.1
1576870378665 0 s 1 1 0 0.3
1576870378671 0 s 1 1 0 0.4
1576870378677 0 s 1 1 0 0.1
1576870378683 0 s 1 1 0 0.1
1576870378689 0 s 1 1 0 0.0
1576870378695 0 s 1 1 0 0.0
1576870378701 0 s 1 1 0 0.1
1576870378707 0 s 1 1 0 0.5
1576870378713 0 s 1 1 0 0.1
1576870378719 0 s 1 1 0 0.4
1576870378725 0 s 1 1 0 0.4
1576870378731 0 s 1 1 0 0.0
1576870378737 0 s 1 1 0 0.5
1576870378743 0 s 1 1 0 0.5
1576870378749 0 s 1 1 0 0.3
1576870378755 0 s 1 1 0 0.4
1576870378761 0 s 1 1 0 0.4
1576870378767 0 s 1 1 0 0.3
1576870378773 0 s 1 1 0 0.3
1576870378779 0 s 1 1 0 0.0
1576870378785 0 s 1 1 0 0.0
1576870378791 0 s 1 1 0 0.3
1576870378797 0 s 1 1 0 0.4
1576870378803 0 s 1 1 0 0.0
1576870378809 0 s 1 1 0 0.4
1576870378815 0 s 1 1 0 0.3
1576870378821 0 s 1 1 0 0.4
1576870378827 0 s 1 1 0 1.4
1576870378833 0 s 1 1 0 0.1
1576870378839 0 s 1 1 0 0.4
1576870378845 0 s 1 1 0 0.5
1576870378851 0 s 1 1 0 0.0
1576870378857 0 s 1 1 0 0.3
1576870378863 0 s 1 1 0 0.5
1576870378869 0 s 1 1 0 0.3
1576870378875 0 s 1 1 0 0.4
1576870378881 0 s 1 1 0 0.3
1576870378887 0 s 1 1 0 0.5
1576870378893 0 s 1 1 0 0.3
1576870378899 0 s 1 1 0 0.4
1576870378905 0 s 1 1 0 0.0
1576870378911 0 s 1 1 0 0.5
1576870378917 0 s 1 1 0 0.1
1576870378923 0 s 1 1 0 0.0
1576870378929 0 s 1 1 0 0.3
1576870378935 0 s 1 1 0 0.3
1576870378941 0 s 1 1 0 0.5
1576870378947 0 s 1 1 0 2.0
1576870378953 0 s 1 1 0 0.1
1576870378959 0 s 1 1 0 0.3
1576870378965 0 s 1 1 0 0.4
1576870378971 0 s 1 1 0 0.5
1576870378977 0 s 1 1 0 0.5
1576870378983 0 s 1 1 0 0.1
1576870378989 0 s 1 1 0 0.0
1576870378995 0 s 1 1 0 0.0
1576870379001 0 s 1 1 0 0.0
1576870379007 0 s 1 1 0 0.4
1576870379013 0 s 1 1 0 0.3
1576870379019 0 s 1 1 0 0.0
1576870379025 0 s 1 1 0 0.0
1576870379031 0 s 1 1 0 0.1
1576870379037 0 s 1 1 0 0.0
1576870379043 0 s 1 1 0 0.5
1576870379049 0 s 1 1 0 0.4
1576870379055 0 s 1 1 0 0.0
1576870379061 0 s 1 1 0 0.4
1576870379067 0 s 1 1 0 0.0
1576870379073 0 s 1 1 0 0.0
1576870379079 0 s 1 1 0 0.0
1576870379085 0 s 1 1 0 0.3
1576870379091 0 s 1 1 0 1.2
1576870379097 0 s 1 1 0 0.1
1576870379103 0 s 1 1 0 0.5
1576870379109 0 s 1 1 0 0.3
1576870379115 0 s 1 1 0 0.4
1576870379121 0 s 1 1 0 0.3
1576870379127 0 s 1 1 0 0.3
1576870379133 0 s 1 1 0 0.1
1576870379139 0 s 1 1 0 0.0
1576870379145 0 s 1 1 0 0.0
1576870379152 0 s 1 1 0 0.3
1576870379158 0 s 1 1 0 0.0
1576870379164 0 s 1 1 0 0.0
1576870379170 0 s 1 1 0 0.0
1576870379176 0 s 1 1 0 0.0
1576870379182 0 s 1 1 0 0.0
1576870379188 0 s 1 1 0 0.0
1576870379194 0 s 1 1 0 0.0
1576870379200 0 s 1 1 0 0.4
1576870379206 0 s 1 1 0 0.0
1576870379212 0 s 1 1 0 0.5
1576870379218 0 s 1 1 0 0.1
1576870379224 0 s 1 1 0 0.0
1576870379230 0 s 1 1 0 0.3
1576870379236 0 s 1 1 0 0.5
1576870379242 0 s 1 1 0 0.0
1576870379248 0 s 1 1 0 0.3
1576870379254 0 s 1 1 0 0.5
1576870379260 0 s 1 1 0 0.0
1576870379266 0 s 1 1 0 0.5
1576870379272 0 s 1 1 0 0.1
1576870379278 0 s 1 1 0 0.3
1576870379284 0 s 1 1 0 0.0
1576870379290 0 s 1 1 0 0.0
1576870379296 0 s 1 1 0 0.0
1576870379302 0 s 1 1 0 0.3
1576870379308 0 s 1 1 0 0.0
1576870379314 0 s 1 1 0 0.3
1576870379320 0 s 1 1 0 0.1
1576870379326 0 s 1 1 0 0.5
1576870379332 0 s 1 1 0 0.0
1576870379338 0 s 1 1 0 0.0
1576870379344 0 s 1 1 0 0.4
1576870379350 0 s 1 1 0 0.5
1576870379356 0 s 1 1 0 0.4
1576870379362 0 s 1 1 0 0.3
1576870379368 0 s 1 1 0 0.5
1576870379374 0 s 1 1 0 0.3
1576870379380 0 s 1 1 0 0.4
1576870379386 0 s 1 1 0 0.8
1576870379392 0 s 1 1 0 1.0
1576870379398 0 s 1 1 0 0.3
1576870379404 0 s 1 1 0 0.0
1576870379410 0 s 1 1 0 0.0
1576870379416 0 s 1 1 0 0.5
1576870379422 0 s 1 1 0 0.0
1576870379428 0 s 1 1 0 0.0
1576870379434 0 s 1 1 0 0.4
1576870379440 0 s 1 1 0 0.1
1576870379446 0 s 1 1 0 0.5
1576870379452 0 s 1 1 0 0.0
1576870379458 0 s 1 1 0 0.1
1576870379464 0 s 1 1 0 0.1
1576870379470 0 s 1 1 0 0.3
1576870379476 0 s 1 1 0 0.5
1576870379482 0 s 1 1 0 0.0
1576870379488 0 s 1 1 0 0.0
1576870379494 0 s 1 1 0 0.1
1576870379500 0 s 1 1 0 0.3
1576870379506 0 s 1 1 0 1.1
1576870379512 0 s 1 1 0 0.0
1576870379518 0 s 1 1 0 0.0
1576870379524 0 s 1 1 0 0.0
1576870379530 0 s 1 1 0 0.5
1576870379536 0 s 1 1 0 0.8
1576870379542 0 s 1 1 0 0.1
1576870379548 0 s 1 1 0 0.3
1576870379554 0 s 1 1 0 0.0
1576870379560 0 s 1 1 0 0.5
1576870379566 0 s 1 1 0 0.0
1576870379572 0 s 1 1 0 0.4
1576870379578 0 s 1 1 0 0.0
1576870379584 0 s 1 1 0 0.0
1576870379590 0 s 1 1 0 0.1
1576870379596 0 s 1 1 0 0.3
1576870379602 0 s 1 1 0 0.3
1576870379608 0 s 1 1 0 0.4
1576870379614 0 s 1 1 0 0.1
1576870379620 0 s 1 1 0 0.3
1576870379626 0 s 1 1 0 0.3
1576870379632 0 s 1 1 0 0.3
1576870379638 0 s 1 1 0 0.1
1576870379644 0 s 1 1 0 0.1
1576870379650 0 s 1 1 0 0.3
1576870379657 0 s 1 1 0 0.1
1576870379663 0 s 1 1 0 0.3
1576870379669 0 s 1 1 0 0.5
1576870379675 0 s 1 1 0 0.4
1576870379681 0 s 1 1 0 0.0
1576870379687 0 s 1 1 0 0.3
1576870379693 0 s 1 1 0 0.3
1576870379699 0 s 1 1 0 0.3
1576870379705 0 s 1 1 0 0.0
1576870379711 0 s 1 1 0 0.0
1576870379717 0 s 1 1 0 0.9
1576870379723 0 s 1 1 0 0.3
1576870379729 0 s 1 1 0 0.5
1576870379735 0 s 1 1 0 0.0
1576870379741 0 s 1 1 0 0.1
1576870379747 0 s 1 1 0 0.0
1576870379753 0 s 1 1 0 0.5
1576870379759 0 s 1 1 0 0.5
1576870379765 0 s 1 1 0 0.4
1576870379771 0 s 1 1 0 0.4
1576870379777 0 s 1 1 0 0.3
1576870379783 0 s 1 1 0 0.5
1576870379789 0 s 1 1 0 0.0
1576870379795 0 s 1 1 0 0.1
1576870379801 0 s 1 1 0 0.1
1576870379807 0 s 1 1 0 0.5
1576870379813 0 s 1 1 0 0.1
1576870379819 0 s 1 1 0 2.0
1576870379825 0 s 1 1 0 0.0
1576870379831 0 s 1 1 0 0.0
1576870379837 0 s 1 1 0 0.4
1576870379843 0 s 1 1 0 0.0
1576870379849 0 s 1 1 0 0.1
1576870379855 0 s 1 1 0 0.0
1576870379861 0 s 1 1 0 0.0
1576870379867 0 s 1 1 0 0.3
1576870379873 0 s 1 1 0 0.0
1576870379879 0 s 1 1 0 0.0
1576870379885 0 s 1 1 0 0.1
1576870379891 0 s 1 1 0 0.9
1576870379897 0 s 1 1 0 0.3
1576870379903 0 s 1 1 0 0.4
1576870379909 0 s 1 1 0 0.5
1576870379915 0 s 1 1 0 0.0
1576870379921 0 s 1 1 0 0.0
1576870379927 0 s 1 1 0 0.1
1576870379933 0 s 1 1 0 0.3
1576870379939 0 s 1 1 0 0.4
1576870379945 0 s 1 1 0 0.1
1576870379951 0 s 1 1 0 0.0
1576870379957 0 s 1 1 0 0.4
1576870379963 0 s 1 1 0 0.0
1576870379969 0 s 1 1 0 0.1
1576870379975 0 s 1 1 0 0.0
1576870379981 0 s 1 1 0 0.4
1576870379987 0 s 1 1 0 0.3
1576870379993 0 s 1 1 0 0.1
1576870379999 0 s 1 1 0 0.4
1576870380005 0 s 1 1 0 0.1
1576870380011 0 s 1 1 0 0.8
1576870380017 0 s 1 1 0 0.0
1576870380023 0 s 1 1 0 0.1
1576870380029 0 s 1 1 0 0.1
1576870380035 0 s 1 1 0 0.0
1576870380041 0 s 1 1 0 0.1
1576870380047 0 s 1 1 0 0.0
1576870380053 0 s 1 1 0 0.0
1576870380059 0 s 1 1 0 0.3
1576870380065 0 s 1 1 0 0.4
1576870380071 0 s 1 1 0 0.4
1576870380077 0 s 1 1 0 0.0
1576870380083 0 s 1 1 0 0.3
1576870380089 0 s 1 1 0 0.0
1576870380095 0 s 1 1 0 0.1
1576870380101 0 s 1 1 0 0.4
1576870380107 0 s 1 1 0 0.3
1576870380113 0 s 1 1 0 0.5
1576870380119 0 s 1 1 0 0.0
1576870380125 0 s 1 1 0 0.0
1576870380131 0 s 1 1 0 0.1
1576870380137 0 s 1 1 0 0.1
1576870380143 0 s 1 1 0 0.5
1576870380149 0 s 1 1 0 0.1
1576870380155 0 s 1 1 0 0.1
1576870380162 0 s 1 1 0 0.4
1576870380168 0 s 1 1 0 0.4
1576870380174 0 s 1 1 0 0.4
1576870380180 0 s 1 1 0 0.4
1576870380186 0 s 1 1 0 0.0
1576870380192 0 s 1 1 0 0.0
1576870380198 0 s 1 1 0 0.4
1576870380204 0 s 1 1 0 0.3
1576870380210 0 s 1 1 0 0.3
1576870380216 0 s 1 1 0 0.1
1576870380222 0 s 1 1 0 0.3
1576870380228 0 s 1 1 0 0.1
1576870380234 0 s 1 1 0 0.7
1576870380240 0 s 1 1 0 0.3
1576870380246 0 s 1 1 0 0.4
1576870380252 0 s 1 1 0 0.3
1576870380258 0 s 1 1 0 0.3
1576870380264 0 s 1 1 0 0.0
1576870380270 0 s 1 1 0 0.3
1576870380276 0 s 1 1 0 0.3
1576870380282 0 s 1 1 0 0.1
1576870380288 0 s 1 1 0 0.0
1576870380294 0 s 1 1 0 0.0
1576870380300 0 s 1 1 0 0.3
1576870380306 0 s 1 1 0 0.0
1576870380312 0 s 1 1 0 0.5
1576870380318 0 s 1 1 0 0.0
1576870380324 0 s 1 1 0 0.3
1576870380330 0 s 1 1 0 0.5
1576870380336 0 s 1 1 0 0.5
1576870380342 0 s 1 1 0 0.0
1576870380348 0 s 1 1 0 0.3
1576870380354 0 s 1 1 0 0.1
1576870380360 0 s 1 1 0 0.0
1576870380366 0 s 1 1 0 0.1
1576870380372 0 s 1 1 0 0.1
1576870380378 0 s 1 1 0 0.1
1576870380384 0 s 1 1 0 0.5
1576870380390 0 s 1 1 0 0.0
1576870380396 0 s 1 1 0 1.2
1576870380402 0 s 1 1 0 0.7
1576870380408 0 s 1 1 0 0.3
1576870380414 0 s 1 1 0 0.0
1576870380420 0 s 1 1 0 0.4
1576870380426 0 s 1 1 0 0.4
1576870380432 0 s 1 1 0 0.3
1576870380438 0 s 1 1 0 0.1
1576870380444 0 s 1 1 0 0.5
1576870380450 0 s 1 1 0 0.4
1576870380456 0 s 1 1 0 0.0
1576870380462 0 s 1 1 0 0.0
1576870380468 0 s 1 1 0 0.1
1576870380474 0 s 1 1 0 0.8
1576870380480 0 s 1 1 0 0.0
1576870380486 0 s 1 1 0 0.5
1576870380492 0 s 1 1 0 0.4
1576870380498 0 s 1 1 0 0.1
1576870380504 0 s 1 1 0 0.0
1576870380510 0 s 1 1 0 0.0
1576870380516 0 s 1 1 0 0.0
1576870380522 0 s 1 1 0 0.0
1576870380528 0 s 1 1 0 0.0
1576870380534 0 s 1 1 0 0.4
1576870380540 0 s 1 1 0 0.1
1576870380546 0 s 1 1 0 0.4
1576870380552 0 s 1 1 0 0.3
1576870380558 0 s 1 1 0 0.3
1576870380564 0 s 1 1 0 0.4
1576870380570 0 s 1 1 0 0.0
1576870380576 0 s 1 1 0 0.3
1576870380582 0 s 1 1 0 0.0
1576870380588 0 s 1 1 0 0.0
1576870380594 0 s 1 1 0 0.4
1576870380600 0 s 1 1 0 0.1
1576870380606 0 s 1 1 0 0.1
1576870380612 0 s 1 1 0 0.3
1576870380618 0 s 1 1 0 0.1
1576870380624 0 s 1 1 0 0.0
1576870380630 0 s 1 1 0 0.0
1576870380636 0 s 1 1 0 0.5
1576870380642 0 s 1 1 0 0.3
1576870380648 0 s 1 1 0 0.3
1576870380654 0 s 1 1 0 0.0
1576870380660 0 s 1 1 0 0.0
1576870380667 0 s 1 1 0 0.4
1576870380673 0 s 1 1 0 0.3
1576870380679 0 s 1 1 0 0.1
1576870380685 0 s 1 1 0 0.5
1576870380691 0 s 1 1 0 0.0
1576870380697 0 s 1 1 0 0.1
1576870380703 0 s 1 1 0 0.1
1576870380709 0 s 1 1 0 0.4
1576870380715 0 s 1 1 0 0.1
1576870380721 0 s 1 1 0 0.0
1576870380727 0 s 1 1 0 0.3
1576870380733 0 s 1 1 0 0.0
1576870380739 0 s 1 1 0 0.0
1576870380745 0 s 1 1 0 0.5
1576870380751 0 s 1 1 0 0.0
1576870380757 0 s 1 1 0 0.0
1576870380763 0 s 1 1 0 0.5
1576870380769 0 s 1 1 0 0.0
1576870380775 0 s 1 1 0 0.1
1576870380781 0 s 1 1 0 0.3
1576870380787 0 s 1 1 0 1.1
1576870380793 0 s 1 1 0 0.0
1576870380799 0 s 1 1 0 0.5
1576870380805 0 s 1 1 0 0.0
1576870380811 0 s 1 1 0 0.0
1576870380817 0 s 1 1 0 0.0
1576870380823 0 s 1 1 0 0.0
1576870380829 0 s 1 1 0 0.4
1576870380835 0 s 1 1 0 0.3
1576870380841 0 s 1 1 0 0.0
1576870380847 0 s 1 1 0 1.5
1576870380853 0 s 1 1 0 0.0
1576870380859 0 s 1 1 0 0.1
1576870380865 0 s 1 1 0 0.0
1576870380871 0 s 1 1 0 0.7
1576870380877 0 s 1 1 0 0.1
1576870380883 0 s 1 1 0 0.0
1576870380889 0 s 1 1 0 0.4
1576870380895 0 s 1 1 0 0.0
1576870380901 0 s 1 1 0 1.7
1576870380907 0 s 1 1 0 0.4
1576870380913 0 s 1 1 0 0.1
1576870380919 0 s 1 1 0 0.3
1576870380925 0 s 1 1 0 0.3
1576870380931 0 s 1 1 0 0.1
1576870380938 0 s 1 1 0 0.0
1576870380944 0 s 1 1 0 0.1
1576870380950 0 s 1 1 0 0.0
1576870380956 0 s 1 1 0 0.0
1576870380962 0 s 1 1 0 0.0
1576870380968 0 s 1 1 0 0.0
1576870380974 0 s 1 1 0 0.5
1576870380980 0 s 1 1 0 0.1
1576870380986 0 s 1 1 0 1.9
1576870380992 0 s 1 1 0 0.0
1576870380998 0 s 1 1 0 0.4
1576870381004 0 s 1 1 0 0.7
1576870381010 0 s 1 1 0 0.1
1576870381016 0 s 1 1 0 0.1
1576870381023 0 s 1 1 0 0.9
1576870381029 0 s 1 1 0 0.7
1576870381035 0 s 1 1 0 1.1
1576870381041 0 s 1 1 0 0.0
1576870381047 0 s 1 1 0 0.0
1576870381053 0 s 1 1 0 0.1
1576870381059 0 s 1 1 0 0.3
1576870381065 0 s 1 1 0 0.5
1576870381071 0 s 1 1 0 0.3
1576870381077 0 s 1 1 0 0.1
1576870381083 0 s 1 1 0 0.0
1576870381089 0 s 1 1 0 0.1
1576870381095 0 s 1 1 0 0.4
1576870381101 0 s 1 1 0 0.8
1576870381107 0 s 1 1 0 0.4
1576870381113 0 s 1 1 0 0.3
1576870381119 0 s 1 1 0 0.3
1576870381125 0 s 1 1 0 0.0
1576870381131 0 s 1 1 0 0.0
1576870381137 0 s 1 1 0 0.0
1576870381143 0 s 1 1 0 0.1
1576870381149 0 s 1 1 0 0.5
1576870381155 0 s 1 1 0 0.0
1576870381161 0 s 1 1 0 0.0
1576870381168 0 s 1 1 0 0.1
1576870381174 0 s 1 1 0 0.4
1576870381180 0 s 1 1 0 1.1
1576870381186 0 s 1 1 0 0.3
1576870381192 0 s 1 1 0 0.0
1576870381198 0 s 1 1 0 0.0
1576870381204 0 s 1 1 0 0.7
1576870381210 0 s 1 1 0 0.0
1576870381216 0 s 1 1 0 0.4
1576870381222 0 s 1 1 0 0.3
1576870381228 0 s 1 1 0 0.4
1576870381234 0 s 1 1 0 0.1
1576870381240 0 s 1 1 0 0.1
1576870381246 0 s 1 1 0 0.9
1576870381252 0 s 1 1 0 0.0
1576870381258 0 s 1 1 0 0.5
1576870381264 0 s 1 1 0 0.8
1576870381270 0 s 1 1 0 0.3
1576870381276 0 s 1 1 0 0.3
1576870381282 0 s 1 1 0 0.4
1576870381288 0 s 1 1 0 0.0
1576870381294 0 s 1 1 0 0.0
1576870381300 0 s 1 1 0 0.4
1576870381306 0 s 1 1 0 0.4
1576870381312 0 s 1 1 0 0.4
1576870381318 0 s 1 1 0 0.1
1576870381324 0 s 1 1 0 0.1
1576870381330 0 s 1 1 0 0.5
1576870381336 0 s 1 1 0 0.4
1576870381342 0 s 1 1 0 0.9
1576870381348 0 s 1 1 0 0.7
1576870381354 0 s 1 1 0 0.0
1576870381360 0 s 1 1 0 0.0
1576870381366 0 s 1 1 0 0.3
1576870381372 0 s 1 1 0 0.1
1576870381378 0 s 1 1 0 0.0
1576870381384 0 s 1 1 0 0.4
1576870381390 0 s 1 1 0 0.1
1576870381396 0 s 1 1 0 0.0
1576870381402 0 s 1 1 0 0.1
1576870381408 0 s 1 1 0 0.0
1576870381414 0 s 1 1 0 0.0
1576870381420 0 s 1 1 0 0.0
1576870381426 0 s 1 1 0 0.0
1576870381432 0 s 1 1 0 0.0
1576870381438 0 s 1 1 0 0.5
1576870381444 0 s 1 1 0 0.4
1576870381450 0 s 1 1 0 0.0
1576870381456 0 s 1 1 0 0.4
1576870381462 0 s 1 1 0 0.4
1576870381468 0 s 1 1 0 1.7
1576870381474 0 s 1 1 0 0.0
1576870381480 0 s 1 1 0 0.0
1576870381486 0 s 1 1 0 0.3
1576870381492 0 s 1 1 0 0.0
1576870381498 0 s 1 1 0 0.3
1576870381504 0 s 1 1 0 0.3
1576870381510 0 s 1 1 0 0.1
1576870381516 0 s 1 1 0 0.0
1576870381522 0 s 1 1 0 0.0
1576870381528 0 s 1 1 0 0.3
1576870381534 0 s 1 1 0 0.4
1576870381540 0 s 1 1 0 0.0
1576870381546 0 s 1 1 0 0.0
1576870381552 0 s 1 1 0 0.1
1576870381558 0 s 1 1 0 0.0
1576870381564 0 s 1 1 0 0.4
1576870381570 0 s 1 1 0 0.5
1576870381576 0 s 1 1 0 0.3
1576870381582 0 s 1 1 0 0.3
1576870381588 0 s 1 1 0 0.0
1576870381594 0 s 1 1 0 0.5
1576870381600 0 s 1 1 0 0.4
1576870381606 0 s 1 1 0 0.3
1576870381612 0 s 1 1 0 0.4
1576870381618 0 s 1 1 0 0.0
1576870381624 0 s 1 1 0 0.3
1576870381630 0 s 1 1 0 0.1
1576870381636 0 s 1 1 0 0.0
1576870381642 0 s 1 1 0 0.5
1576870381648 0 s 1 1 0 0.1
1576870381654 0 s 1 1 0 0.0
1576870381660 0 s 1 1 0 0.3
1576870381666 0 s 1 1 0 0.0
1576870381673 0 s 1 1 0 0.5
1576870381679 0 s 1 1 0 0.0
1576870381685 0 s 1 1 0 0.5
1576870381691 0 s 1 1 0 0.5
1576870381697 0 s 1 1 0 0.5
1576870381703 0 s 1 1 0 0.1
1576870381709 0 s 1 1 0 0.4
1576870381715 0 s 1 1 0 0.3
1576870381721 0 s 1 1 0 0.3
1576870381727 0 s 1 1 0 0.1
1576870381733 0 s 1 1 0 0.5
1576870381739 0 s 1 1 0 0.4
1576870381745 0 s 1 1 0 0.0
1576870381751 0 s 1 1 0 0.0
1576870381757 0 s 1 1 0 0.1
1576870381763 0 s 1 1 0 0.4
1576870381769 0 s 1 1 0 0.5
1576870381775 0 s 1 1 0 0.3
1576870381781 0 s 1 1 0 0.3
1576870381787 0 s 1 1 0 0.1
1576870381793 0 s 1 1 0 0.0
1576870381799 0 s 1 1 0 0.0
1576870381805 0 s 1 1 0 0.4
1576870381811 0 s 1 1 0 0.3
1576870381817 0 s 1 1 0 1.7
1576870381823 0 s 1 1 0 0.0
1576870381829 0 s 1 1 0 0.1
1576870381835 0 s 1 1 0 0.0
1576870381841 0 s 1 1 0 0.4
1576870381850 0 s 1 1 0 0.4
1576870381857 0 s 1 1 0 0.0
1576870381863 0 s 1 1 0 0.1
1576870381869 0 s 1 1 0 0.0
1576870381875 0 s 1 1 0 0.0
1576870381881 0 s 1 1 0 0.0
1576870381887 0 s 1 1 0 0.1
1576870381893 0 s 1 1 0 0.4
1576870381899 0 s 1 1 0 0.3
1576870381905 0 s 1 1 0 0.3
1576870381918 0 s 1 1 0 0.4
1576870381925 0 s 1 1 0 0.5
1576870381931 0 s 1 1 0 0.5
1576870381938 0 s 1 1 0 0.0
1576870381952 0 s 1 1 0 0.3
1576870381958 0 s 1 1 0 0.1
1576870381965 0 s 1 1 0 0.1
1576870381971 0 s 1 1 0 0.4
1576870381985 0 s 1 1 0 0.0
1576870381991 0 s 1 1 0 0.9
1576870381998 0 s 1 1 0 0.1
1576870382004 0 s 1 1 0 0.4
1576870382018 0 s 1 1 0 0.0
1576870382026 0 s 1 1 0 0.5
1576870382033 0 s 1 1 0 0.4
1576870382040 0 s 1 1 0 0.3
1576870382051 0 s 1 1 0 0.1
1576870382059 0 s 1 1 0 1.7
1576870382068 0 s 1 1 0 0.5
1576870382074 0 s 1 1 0 0.1
1576870382085 0 s 1 1 0 0.4
1576870382091 0 s 1 1 0 0.4
1576870382097 0 s 1 1 0 0.0
1576870382103 0 s 1 1 0 0.4
1576870382109 0 s 1 1 0 0.0
1576870382118 0 s 1 1 0 0.0
1576870382124 0 s 1 1 0 0.5
1576870382131 0 s 1 1 0 0.5
1576870382137 0 s 1 1 0 0.0
1576870382151 0 s 1 1 0 0.3
1576870382158 0 s 1 1 0 0.1
1576870382165 0 s 1 1 0 0.3
1576870382171 0 s 1 1 0 0.0
1576870382185 0 s 1 1 0 0.1
1576870382191 0 s 1 1 0 0.3
1576870382197 0 s 1 1 0 0.3
1576870382203 0 s 1 1 0 0.0
1576870382218 0 s 1 1 0 0.3
1576870382225 0 s 1 1 0 0.1
1576870382232 0 s 1 1 0 0.0
1576870382238 0 s 1 1 0 0.5
1576870382251 0 s 1 1 0 0.1
1576870382261 0 s 1 1 0 0.1
1576870382269 0 s 1 1 0 0.1
1576870382276 0 s 1 1 0 0.5
1576870382285 0 s 1 1 0 0.0
1576870382292 0 s 1 1 0 0.0
1576870382298 0 s 1 1 0 0.1
1576870382304 0 s 1 1 0 1.1
1576870382318 0 s 1 1 0 0.1
1576870382325 0 s 1 1 0 0.1
1576870382332 0 s 1 1 0 0.4
1576870382339 0 s 1 1 0 0.0
1576870382351 0 s 1 1 0 0.1
1576870382359 0 s 1 1 0 1.1
1576870382366 0 s 1 1 0 0.0
1576870382373 0 s 1 1 0 0.4
1576870382385 0 s 1 1 0 0.0
1576870382392 0 s 1 1 0 0.0
1576870382400 0 s 1 1 0 0.4
1576870382409 0 s 1 1 0 0.5
1576870382418 0 s 1 1 0 0.0
1576870382424 0 s 1 1 0 0.3
1576870382430 0 s 1 1 0 0.3
1576870382436 0 s 1 1 0 0.0
1576870382442 0 s 1 1 0 0.1
1576870382452 0 s 1 1 0 0.3
1576870382458 0 s 1 1 0 0.3
1576870382464 0 s 1 1 0 0.3
1576870382470 0 s 1 1 0 0.4
1576870382476 0 s 1 1 0 0.5
1576870382482 0 s 1 1 0 0.0
1576870382488 0 s 1 1 0 0.3
1576870382494 0 s 1 1 0 0.3
1576870382500 0 s 1 1 0 0.0
1576870382506 0 s 1 1 0 0.4
1576870382512 0 s 1 1 0 0.3
1576870382518 0 s 1 1 0 0.0
1576870382524 0 s 1 1 0 0.3
1576870382530 0 s 1 1 0 0.1
1576870382536 0 s 1 1 0 0.0
1576870382542 0 s 1 1 0 0.3
1576870382548 0 s 1 1 0 0.3
1576870382554 0 s 1 1 0 0.3
1576870382560 0 s 1 1 0 0.4
1576870382566 0 s 1 1 0 0.4
1576870382572 0 s 1 1 0 0.3
1576870382578 0 s 1 1 0 0.4
1576870382584 0 s 1 1 0 0.0
1576870382590 0 s 1 1 0 0.4
1576870382596 0 s 1 1 0 0.0
1576870382602 0 s 1 1 0 0.0
1576870382608 0 s 1 1 0 0.5
1576870382614 0 s 1 1 0 0.0
1576870382620 0 s 1 1 0 0.0
1576870382626 0 s 1 1 0 0.0
1576870382632 0 s 1 1 0 0.3
1576870382638 0 s 1 1 0 0.5
1576870382644 0 s 1 1 0 0.1
1576870382650 0 s 1 1 0 1.7
1576870382656 0 s 1 1 0 0.1
1576870382668 0 s 1 1 0 0.7
1576870382676 0 s 1 1 0 0.5
1576870382683 0 s 1 1 0 0.4
1576870382689 0 s 1 1 0 0.3
1576870382702 0 s 1 1 0 0.0
1576870382708 0 s 1 1 0 0.3
1576870382714 0 s 1 1 0 0.4
1576870382720 0 s 1 1 0 0.4
1576870382735 0 s 1 1 0 0.4
1576870382744 0 s 1 1 0 0.0
1576870382752 0 s 1 1 0 0.0
1576870382758 0 s 1 1 0 0.4
1576870382768 0 s 1 1 0 0.1
1576870382777 0 s 1 1 0 0.1
1576870382784 0 s 1 1 0 0.3
1576870382790 0 s 1 1 0 0.0
1576870382801 0 s 1 1 0 0.0
1576870382810 0 s 1 1 0 0.3
1576870382819 0 s 1 1 0 0.0
1576870382835 0 s 1 1 0 0.5
1576870382842 0 s 1 1 0 0.5
1576870382848 0 s 1 1 0 0.7
1576870382854 0 s 1 1 0 0.3
1576870382868 0 s 1 1 0 0.0
1576870382876 0 s 1 1 0 0.3
1576870382883 0 s 1 1 0 0.5
1576870382891 0 s 1 1 0 0.7
1576870382897 0 s 1 1 0 0.0
1576870382903 0 s 1 1 0 0.1
1576870382909 0 s 1 1 0 0.0
1576870382915 0 s 1 1 0 0.0
1576870382921 0 s 1 1 0 0.0
1576870382927 0 s 1 1 0 0.5
1576870382936 0 s 1 1 0 0.5
1576870382942 0 s 1 1 0 0.0
1576870382948 0 s 1 1 0 0.4
1576870382956 0 s 1 1 0 0.1
1576870382964 0 s 1 1 0 0.9
1576870382970 0 s 1 1 0 0.0
1576870382976 0 s 1 1 0 0.0
1576870382982 0 s 1 1 0 1.2
1576870382988 0 s 1 1 0 0.4
1576870382994 0 s 1 1 0 0.3
1576870383000 0 s 1 1 0 0.1
1576870383006 0 s 1 1 0 0.1
1576870383012 0 s 1 1 0 0.1
1576870383018 0 s 1 1 0 0.1
1576870383024 0 s 1 1 0 1.0
1576870383030 0 s 1 1 0 0.3
1576870383036 0 s 1 1 0 0.5
1576870383042 0 s 1 1 0 0.0
1576870383048 0 s 1 1 0 0.0
1576870383054 0 s 1 1 0 0.7
1576870383060 0 s 1 1 0 0.1
1576870383066 0 s 1 1 0 0.1
1576870383072 0 s 1 1 0 0.0
1576870383078 0 s 1 1 0 0.3
1576870383084 0 s 1 1 0 0.3
1576870383090 0 s 1 1 0 0.0
1576870383096 0 s 1 1 0 0.0
1576870383102 0 s 1 1 0 0.7
1576870383108 0 s 1 1 0 0.0
1576870383114 0 s 1 1 0 0.0
1576870383120 0 s 1 1 0 0.5
1576870383126 0 s 1 1 0 0.5
1576870383132 0 s 1 1 0 0.0
1576870383138 0 s 1 1 0 0.3
1576870383144 0 s 1 1 0 0.0
1576870383150 0 s 1 1 0 0.0
1576870383156 0 s 1 1 0 0.0
1576870383162 0 s 1 1 0 0.0
1576870383168 0 s 1 1 0 0.5
1576870383174 0 s 1 1 0 0.0
1576870383180 0 s 1 1 0 0.3
1576870383187 0 s 1 1 0 0.7
1576870383193 0 s 1 1 0 0.3
1576870383199 0 s 1 1 0 0.3
1576870383205 0 s 1 1 0 0.5
1576870383211 0 s 1 1 0 0.3
1576870383217 0 s 1 1 0 0.0
1576870383223 0 s 1 1 0 1.4
1576870383229 0 s 1 1 0 0.4
1576870383235 0 s 1 1 0 0.3
1576870383241 0 s 1 1 0 0.0
1576870383247 0 s 1 1 0 0.4
1576870383253 0 s 1 1 0 0.1
1576870383259 0 s 1 1 0 0.4
1576870383265 0 s 1 1 0 0.9
1576870383271 0 s 1 1 0 0.0
1576870383277 0 s 1 1 0 0.3
1576870383283 0 s 1 1 0 0.1
1576870383289 0 s 1 1 0 0.4
1576870383295 0 s 1 1 0 0.0
1576870383301 0 s 1 1 0 0.4
1576870383307 0 s 1 1 0 0.4
1576870383313 0 s 1 1 0 0.3
1576870383319 0 s 1 1 0 0.5
1576870383325 0 s 1 1 0 0.0
1576870383331 0 s 1 1 0 0.5
1576870383337 0 s 1 1 0 1.7
1576870383343 0 s 1 1 0 0.0
1576870383349 0 s 1 1 0 0.4
1576870383355 0 s 1 1 0 0.5
1576870383361 0 s 1 1 0 0.1
1576870383367 0 s 1 1 0 0.3
1576870383373 0 s 1 1 0 0.1
1576870383379 0 s 1 1 0 0.5
1576870383385 0 s 1 1 0 1.0
1576870383391 0 s 1 1 0 0.1
1576870383397 0 s 1 1 0 0.0
1576870383403 0 s 1 1 0 0.0
1576870383409 0 s 1 1 0 0.5
1576870383415 0 s 1 1 0 0.0
1576870383421 0 s 1 1 0 0.4
1576870383427 0 s 1 1 0 0.4
1576870383433 0 s 1 1 0 0.0
1576870383439 0 s 1 1 0 0.3
1576870383445 0 s 1 1 0 0.1
1576870383451 0 s 1 1 0 0.0
1576870383457 0 s 1 1 0 0.1
1576870383463 0 s 1 1 0 0.0
1576870383469 0 s 1 1 0 0.7
1576870383475 0 s 1 1 0 1.0
1576870383481 0 s 1 1 0 0.0
1576870383487 0 s 1 1 0 0.4
1576870383493 0 s 1 1 0 0.1
1576870383499 0 s 1 1 0 0.4
1576870383505 0 s 1 1 0 0.5
1576870383511 0 s 1 1 0 1.0
1576870383517 0 s 1 1 0 0.1
1576870383523 0 s 1 1 0 0.1
1576870383529 0 s 1 1 0 0.1
1576870383535 0 s 1 1 0 0.4
1576870383541 0 s 1 1 0 0.1
1576870383547 0 s 1 1 0 0.0
1576870383553 0 s 1 1 0 0.5
1576870383559 0 s 1 1 0 0.3
1576870383565 0 s 1 1 0 0.1
1576870383571 0 s 1 1 0 0.5
1576870383577 0 s 1 1 0 0.0
1576870383583 0 s 1 1 0 0.0
1576870383589 0 s 1 1 0 0.0
1576870383595 0 s 1 1 0 0.3
1576870383601 0 s 1 1 0 0.1
1576870383607 0 s 1 1 0 0.0
1576870383613 0 s 1 1 0 0.3
1576870383619 0 s 1 1 0 0.3
1576870383625 0 s 1 1 0 0.3
1576870383631 0 s 1 1 0 0.1
1576870383637 0 s 1 1 0 0.0
1576870383643 0 s 1 1 0 0.3
1576870383649 0 s 1 1 0 0.4
1576870383655 0 s 1 1 0 0.0
1576870383661 0 s 1 1 0 0.0
1576870383667 0 s 1 1 0 0.4
1576870383673 0 s 1 1 0 0.4
1576870383679 0 s 1 1 0 0.0
1576870383685 0 s 1 1 0 1.7
1576870383692 0 s 1 1 0 0.4
1576870383698 0 s 1 1 0 0.5
1576870383704 0 s 1 1 0 0.5
1576870383710 0 s 1 1 0 0.0
1576870383716 0 s 1 1 0 0.5
1576870383722 0 s 1 1 0 0.5
1576870383728 0 s 1 1 0 0.4
1576870383734 0 s 1 1 0 0.3
1576870383740 0 s 1 1 0 0.5
1576870383750 0 s 1 1 0 0.0
1576870383759 0 s 1 1 0 0.9
1576870383765 0 s 1 1 0 0.0
1576870383772 0 s 1 1 0 0.0
1576870383779 0 s 1 1 0 0.1
1576870383785 0 s 1 1 0 0.0
1576870383791 0 s 1 1 0 0.0
1576870383797 0 s 1 1 0 0.3
1576870383803 0 s 1 1 0 0.0
1576870383809 0 s 1 1 0 0.5
1576870383815 0 s 1 1 0 0.3
1576870383821 0 s 1 1 0 1.7
1576870383827 0 s 1 1 0 0.1
1576870383833 0 s 1 1 0 0.0
1576870383839 0 s 1 1 0 0.3
1576870383845 0 s 1 1 0 0.5
1576870383851 0 s 1 1 0 1.1
1576870383857 0 s 1 1 0 0.0
1576870383863 0 s 1 1 0 0.5
1576870383869 0 s 1 1 0 0.0
1576870383875 0 s 1 1 0 0.0
1576870383881 0 s 1 1 0 0.0
1576870383887 0 s 1 1 0 0.3
1576870383893 0 s 1 1 0 0.3
1576870383899 0 s 1 1 0 0.0
1576870383905 0 s 1 1 0 0.0
1576870383911 0 s 1 1 0 0.3
1576870383917 0 s 1 1 0 0.4
1576870383923 0 s 1 1 0 0.0
1576870383929 0 s 1 1 0 0.5
1576870383935 0 s 1 1 0 0.5
1576870383941 0 s 1 1 0 0.4
1576870383947 0 s 1 1 0 0.0
1576870383953 0 s 1 1 0 0.0
1576870383959 0 s 1 1 0 0.4
1576870383965 0 s 1 1 0 0.3
1576870383971 0 s 1 1 0 0.1
1576870383977 0 s 1 1 0 0.4
1576870383983 0 s 1 1 0 0.5
1576870383989 0 s 1 1 0 0.1
1576870383995 0 s 1 1 0 0.1
1576870384001 0 s 1 1 0 0.0
1576870384007 0 s 1 1 0 0.4
1576870384013 0 s 1 1 0 0.3
1576870384019 0 s 1 1 0 0.4
1576870384025 0 s 1 1 0 0.3
1576870384031 0 s 1 1 0 0.1
1576870384037 0 s 1 1 0 0.1
1576870384043 0 s 1 1 0 0.1
1576870384049 0 s 1 1 0 0.1
1576870384055 0 s 1 1 0 0.0
1576870384061 0 s 1 1 0 0.1
1576870384067 0 s 1 1 0 0.0
1576870384073 0 s 1 1 0 0.5
1576870384079 0 s 1 1 0 0.4
1576870384085 0 s 1 1 0 0.0
1576870384091 0 s 1 1 0 0.0
1576870384097 0 s 1 1 0 2.0
1576870384103 0 s 1 1 0 0.0
1576870384109 0 s 1 1 0 0.0
1576870384115 0 s 1 1 0 0.0
1576870384121 0 s 1 1 0 0.1
1576870384127 0 s 1 1 0 0.3
1576870384133 0 s 1 1 0 0.4
1576870384139 0 s 1 1 0 0.3
1576870384152 0 s 1 1 0 0.0
1576870384158 0 s 1 1 0 0.0
1576870384164 0 s 1 1 0 0.0
1576870384170 0 s 1 1 0 0.0
1576870384185 0 s 1 1 0 0.3
1576870384191 0 s 1 1 0 0.0
1576870384200 0 s 1 1 0 0.0
1576870384207 0 s 1 1 0 0.1
1576870384213 0 s 1 1 0 0.0
1576870384219 0 s 1 1 0 0.3
1576870384225 0 s 1 1 0 0.0
1576870384231 0 s 1 1 0 0.1
1576870384237 0 s 1 1 0 0.3
1576870384243 0 s 1 1 0 0.1
1576870384249 0 s 1 1 0 0.0
1576870384255 0 s 1 1 0 0.1
1576870384261 0 s 1 1 0 0.0
1576870384267 0 s 1 1 0 0.3
1576870384273 0 s 1 1 0 0.0
1576870384279 0 s 1 1 0 0.0
1576870384285 0 s 1 1 0 0.3
1576870384291 0 s 1 1 0 0.3
1576870384297 0 s 1 1 0 0.5
1576870384303 0 s 1 1 0 0.4
1576870384309 0 s 1 1 0 0.0
1576870384315 0 s 1 1 0 0.1
1576870384321 0 s 1 1 0 0.9
1576870384327 0 s 1 1 0 0.5
1576870384333 0 s 1 1 0 0.3
1576870384339 0 s 1 1 0 0.5
1576870384345 0 s 1 1 0 0.3
1576870384351 0 s 1 1 0 0.5
1576870384357 0 s 1 1 0 0.3
1576870384363 0 s 1 1 0 0.1
1576870384369 0 s 1 1 0 0.9
1576870384375 0 s 1 1 0 0.0
1576870384381 0 s 1 1 0 0.0
1576870384387 0 s 1 1 0 0.4
1576870384393 0 s 1 1 0 0.4
1576870384399 0 s 1 1 0 0.3
1576870384405 0 s 1 1 0 0.0
1576870384411 0 s 1 1 0 0.0
1576870384417 0 s 1 1 0 0.1
1576870384423 0 s 1 1 0 0.1
1576870384429 0 s 1 1 0 0.0
1576870384435 0 s 1 1 0 0.4
1576870384441 0 s 1 1 0 0.5
1576870384447 0 s 1 1 0 0.1
1576870384453 0 s 1 1 0 0.0
1576870384459 0 s 1 1 0 0.5
1576870384468 0 s 1 1 0 0.0
1576870384477 0 s 1 1 0 0.4
1576870384483 0 s 1 1 0 0.3
1576870384489 0 s 1 1 0 1.3
1576870384495 0 s 1 1 0 0.1
1576870384501 0 s 1 1 0 0.1
1576870384507 0 s 1 1 0 0.3
1576870384513 0 s 1 1 0 0.3
1576870384519 0 s 1 1 0 0.3
1576870384527 0 s 1 1 0 0.4
1576870384534 0 s 1 1 0 0.5
1576870384540 0 s 1 1 0 0.0
1576870384546 0 s 1 1 0 0.3
1576870384552 0 s 1 1 0 0.3
1576870384558 0 s 1 1 0 0.0
1576870384564 0 s 1 1 0 0.0
1576870384570 0 s 1 1 0 1.1
1576870384576 0 s 1 1 0 0.5
1576870384582 0 s 1 1 0 0.3
1576870384588 0 s 1 1 0 0.0
1576870384594 0 s 1 1 0 0.0
1576870384600 0 s 1 1 0 0.5
1576870384606 0 s 1 1 0 0.3
1576870384612 0 s 1 1 0 0.3
1576870384618 0 s 1 1 0 0.0
1576870384624 0 s 1 1 0 0.1
1576870384630 0 s 1 1 0 0.0
1576870384636 0 s 1 1 0 0.1
1576870384642 0 s 1 1 0 0.7
1576870384648 0 s 1 1 0 0.1
1576870384654 0 s 1 1 0 0.0
1576870384660 0 s 1 1 0 0.0
1576870384666 0 s 1 1 0 0.4
1576870384672 0 s 1 1 0 0.0
1576870384678 0 s 1 1 0 0.5
1576870384684 0 s 1 1 0 0.4
1576870384690 0 s 1 1 0 0.4
1576870384696 0 s 1 1 0 1.7
1576870384703 0 s 1 1 0 0.1
1576870384709 0 s 1 1 0 0.3
1576870384715 0 s 1 1 0 0.0
1576870384721 0 s 1 1 0 0.1
1576870384727 0 s 1 1 0 0.5
1576870384733 0 s 1 1 0 0.0
1576870384739 0 s 1 1 0 0.0
1576870384745 0 s 1 1 0 0.0
1576870384751 0 s 1 1 0 0.4
1576870384757 0 s 1 1 0 0.4
1576870384763 0 s 1 1 0 0.0
1576870384769 0 s 1 1 0 0.0
1576870384775 0 s 1 1 0 0.3
1576870384781 0 s 1 1 0 0.3
1576870384787 0 s 1 1 0 0.1
1576870384793 0 s 1 1 0 0.3
1576870384799 0 s 1 1 0 0.0
1576870384805 0 s 1 1 0 0.3
1576870384811 0 s 1 1 0 0.0
1576870384817 0 s 1 1 0 0.4
1576870384823 0 s 1 1 0 0.0
1576870384829 0 s 1 1 0 0.1
1576870384835 0 s 1 1 0 0.5
1576870384841 0 s 1 1 0 0.1
1576870384847 0 s 1 1 0 0.0
1576870384853 0 s 1 1 0 0.3
1576870384859 0 s 1 1 0 0.3
1576870384865 0 s 1 1 0 0.0
1576870384871 0 s 1 1 0 0.3
1576870384877 0 s 1 1 0 0.0
1576870384883 0 s 1 1 0 0.5
1576870384889 0 s 1 1 0 0.4
1576870384895 0 s 1 1 0 0.1
1576870384901 0 s 1 1 0 1.7
1576870384907 0 s 1 1 0 0.4
1576870384913 0 s 1 1 0 0.0
1576870384919 0 s 1 1 0 0.3
1576870384925 0 s 1 1 0 0.4
1576870384931 0 s 1 1 0 0.0
1576870384937 0 s 1 1 0 0.4
1576870384943 0 s 1 1 0 0.5
1576870384949 0 s 1 1 0 0.3
1576870384955 0 s 1 1 0 0.1
1576870384961 0 s 1 1 0 0.0
1576870384967 0 s 1 1 0 0.3
1576870384973 0 s 1 1 0 0.1
1576870384979 0 s 1 1 0 0.0
1576870384985 0 s 1 1 0 0.4
1576870384991 0 s 1 1 0 0.4
1576870384997 0 s 1 1 0 0.1
1576870385003 0 s 1 1 0 0.0
1576870385009 0 s 1 1 0 0.0
1576870385015 0 s 1 1 0 0.0
1576870385021 0 s 1 1 0 0.0
1576870385027 0 s 1 1 0 0.4
1576870385033 0 s 1 1 0 0.0
1576870385039 0 s 1 1 0 0.4
1576870385045 0 s 1 1 0 0.1
1576870385051 0 s 1 1 0 0.3
1576870385057 0 s 1 1 0 0.3
1576870385063 0 s 1 1 0 0.0
1576870385069 0 s 1 1 0 0.0
1576870385075 0 s 1 1 0 0.0
1576870385081 0 s 1 1 0 0.0
1576870385087 0 s 1 1 0 0.4
1576870385093 0 s 1 1 0 0.5
1576870385099 0 s 1 1 0 0.7
1576870385105 0 s 1 1 0 0.4
1576870385111 0 s 1 1 0 0.4
1576870385117 0 s 1 1 0 0.0
1576870385123 0 s 1 1 0 0.4
1576870385129 0 s 1 1 0 0.4
1576870385135 0 s 1 1 0 0.4
1576870385141 0 s 1 1 0 0.4
1576870385147 0 s 1 1 0 0.0
1576870385153 0 s 1 1 0 0.0
1576870385159 0 s 1 1 0 0.5
1576870385165 0 s 1 1 0 0.4
1576870385171 0 s 1 1 0 1.0
1576870385177 0 s 1 1 0 0.1
1576870385183 0 s 1 1 0 0.1
1576870385189 0 s 1 1 0 0.0
1576870385195 0 s 1 1 0 0.5
1576870385201 0 s 1 1 0 0.4
1576870385208 0 s 1 1 0 0.1
1576870385214 0 s 1 1 0 0.0
1576870385220 0 s 1 1 0 0.3
1576870385226 0 s 1 1 0 0.3
1576870385232 0 s 1 1 0 0.1
1576870385238 0 s 1 1 0 0.4
1576870385244 0 s 1 1 0 0.1
1576870385250 0 s 1 1 0 0.9
1576870385256 0 s 1 1 0 0.0
1576870385262 0 s 1 1 0 0.0
1576870385268 0 s 1 1 0 0.1
1576870385274 0 s 1 1 0 0.1
1576870385280 0 s 1 1 0 0.1
1576870385286 0 s 1 1 0 0.0
1576870385292 0 s 1 1 0 0.0
1576870385298 0 s 1 1 0 0.0
1576870385304 0 s 1 1 0 0.4
1576870385310 0 s 1 1 0 0.3
1576870385316 0 s 1 1 0 0.4
1576870385327 0 s 1 1 0 1.1
1576870385333 0 s 1 1 0 0.0
1576870385339 0 s 1 1 0 0.4
1576870385345 0 s 1 1 0 0.3
1576870385351 0 s 1 1 0 0.0
1576870385357 0 s 1 1 0 0.0
1576870385363 0 s 1 1 0 0.7
1576870385369 0 s 1 1 0 0.0
1576870385375 0 s 1 1 0 0.5
1576870385381 0 s 1 1 0 0.0
1576870385387 0 s 1 1 0 0.1
1576870385393 0 s 1 1 0 0.0
1576870385399 0 s 1 1 0 0.3
1576870385405 0 s 1 1 0 0.5
1576870385411 0 s 1 1 0 0.9
1576870385417 0 s 1 1 0 0.1
1576870385423 0 s 1 1 0 0.0
1576870385429 0 s 1 1 0 0.0
1576870385435 0 s 1 1 0 0.3
1576870385441 0 s 1 1 0 0.3
1576870385447 0 s 1 1 0 0.0
1576870385453 0 s 1 1 0 0.0
1576870385459 0 s 1 1 0 0.0
1576870385465 0 s 1 1 0 0.0
1576870385471 0 s 1 1 0 0.0
1576870385477 0 s 1 1 0 0.5
1576870385483 0 s 1 1 0 0.3
1576870385502 0 s 1 1 0 0.0
1576870385509 0 s 1 1 0 0.1
1576870385516 0 s 1 1 0 0.0
1576870385522 0 s 1 1 0 0.0
1576870385535 0 s 1 1 0 0.5
1576870385542 0 s 1 1 0 0.0
1576870385549 0 s 1 1 0 0.0
1576870385556 0 s 1 1 0 0.4
1576870385562 0 s 1 1 0 0.3
1576870385568 0 s 1 1 0 0.0
1576870385574 0 s 1 1 0 0.0
1576870385580 0 s 1 1 0 0.4
1576870385586 0 s 1 1 0 0.1
1576870385592 0 s 1 1 0 0.7
1576870385598 0 s 1 1 0 0.3
1576870385604 0 s 1 1 0 0.0
1576870385610 0 s 1 1 0 0.3
1576870385617 0 s 1 1 0 0.4
1576870385624 0 s 1 1 0 0.3
1576870385630 0 s 1 1 0 0.7
1576870385636 0 s 1 1 0 0.0
1576870385642 0 s 1 1 0 0.3
1576870385648 0 s 1 1 0 0.4
1576870385654 0 s 1 1 0 0.0
1576870385660 0 s 1 1 0 0.3
1576870385666 0 s 1 1 0 0.1
1576870385672 0 s 1 1 0 0.1
1576870385678 0 s 1 1 0 0.1
1576870385684 0 s 1 1 0 0.5
1576870385690 0 s 1 1 0 0.4
1576870385696 0 s 1 1 0 0.0
1576870385702 0 s 1 1 0 0.0
1576870385709 0 s 1 1 0 0.0
1576870385716 0 s 1 1 0 0.0
1576870385722 0 s 1 1 0 0.0
1576870385728 0 s 1 1 0 0.1
1576870385734 0 s 1 1 0 0.4
1576870385740 0 s 1 1 0 0.0
1576870385746 0 s 1 1 0 0.3
1576870385752 0 s 1 1 0 0.3
1576870385759 0 s 1 1 0 0.0
1576870385765 0 s 1 1 0 0.0
1576870385771 0 s 1 1 0 0.4
1576870385777 0 s 1 1 0 0.5
1576870385783 0 s 1 1 0 0.3
1576870385789 0 s 1 1 0 0.0
1576870385795 0 s 1 1 0 0.0
1576870385802 0 s 1 1 0 0.3
1576870385808 0 s 1 1 0 0.0
1576870385814 0 s 1 1 0 0.1
1576870385821 0 s 1 1 0 0.4
1576870385827 0 s 1 1 0 0.0
1576870385833 0 s 1 1 0 0.5
1576870385839 0 s 1 1 0 1.7
1576870385845 0 s 1 1 0 0.1
1576870385851 0 s 1 1 0 0.0
1576870385857 0 s 1 1 0 0.4
1576870385863 0 s 1 1 0 0.5
1576870385870 0 s 1 1 0 0.0
1576870385877 0 s 1 1 0 0.4
1576870385883 0 s 1 1 0 0.4
1576870385890 0 s 1 1 0 0.0
1576870385896 0 s 1 1 0 0.3
1576870385902 0 s 1 1 0 0.3
1576870385908 0 s 1 1 0 0.0
1576870385914 0 s 1 1 0 0.3
1576870385920 0 s 1 1 0 0.5
1576870385926 0 s 1 1 0 0.1
1576870385932 0 s 1 1 0 0.4
1576870385938 0 s 1 1 0 0.0
1576870385944 0 s 1 1 0 1.1
1576870385950 0 s 1 1 0 0.0
1576870385956 0 s 1 1 0 0.0
1576870385962 0 s 1 1 0 0.1
1576870385968 0 s 1 1 0 0.5
1576870385974 0 s 1 1 0 0.4
1576870385980 0 s 1 1 0 0.3
1576870385986 0 s 1 1 0 0.0
1576870385992 0 s 1 1 0 0.0
1576870385999 0 s 1 1 0 0.9
1576870386008 0 s 1 1 0 0.5
1576870386015 0 s 1 1 0 0.0
1576870386022 0 s 1 1 0 0.0
1576870386029 0 s 1 1 0 0.4
1576870386035 0 s 1 1 0 0.1
1576870386041 0 s 1 1 0 0.0
1576870386048 0 s 1 1 0 0.3
1576870386054 0 s 1 1 0 0.5
1576870386060 0 s 1 1 0 0.1
1576870386066 0 s 1 1 0 0.3
1576870386072 0 s 1 1 0 1.0
1576870386080 0 s 1 1 0 0.0
1576870386086 0 s 1 1 0 0.1
1576870386092 0 s 1 1 0 0.5
1576870386098 0 s 1 1 0 0.1
1576870386104 0 s 1 1 0 0.3
1576870386110 0 s 1 1 0 0.1
1576870386116 0 s 1 1 0 0.0
1576870386122 0 s 1 1 0 0.4
1576870386128 0 s 1 1 0 0.5
1576870386134 0 s 1 1 0 0.0
1576870386140 0 s 1 1 0 0.4
1576870386146 0 s 1 1 0 0.0
1576870386152 0 s 1 1 0 0.1
1576870386158 0 s 1 1 0 0.0
1576870386164 0 s 1 1 0 0.0
1576870386170 0 s 1 1 0 0.3
1576870386176 0 s 1 1 0 0.3
1576870386182 0 s 1 1 0 0.3
1576870386188 0 s 1 1 0 0.3
1576870386194 0 s 1 1 0 0.3
1576870386200 0 s 1 1 0 0.3
1576870386206 0 s 1 1 0 0.0
1576870386213 0 s 1 1 0 0.0
1576870386219 0 s 1 1 0 0.0
1576870386225 0 s 1 1 0 0.5
1576870386231 0 s 1 1 0 0.1
1576870386240 0 s 1 1 0 0.5
1576870386246 0 s 1 1 0 0.0
1576870386253 0 s 1 1 0 0.0
1576870386260 0 s 1 1 0 0.3
1576870386266 0 s 1 1 0 0.4
1576870386272 0 s 1 1 0 0.3
1576870386278 0 s 1 1 0 0.5
1576870386284 0 s 1 1 0 0.1
1576870386290 0 s 1 1 0 0.5
1576870386296 0 s 1 1 0 0.4
1576870386302 0 s 1 1 0 0.3
1576870386308 0 s 1 1 0 0.5
1576870386314 0 s 1 1 0 0.4
1576870386320 0 s 1 1 0 0.5
1576870386326 0 s 1 1 0 0.3
1576870386332 0 s 1 1 0 0.0
1576870386338 0 s 1 1 0 1.1
1576870386344 0 s 1 1 0 0.1
1576870386351 0 s 1 1 0 0.3
1576870386357 0 s 1 1 0 0.0
1576870386363 0 s 1 1 0 0.5
1576870386369 0 s 1 1 0 0.3
1576870386375 0 s 1 1 0 0.0
1576870386381 0 s 1 1 0 0.3
1576870386387 0 s 1 1 0 0.0
1576870386393 0 s 1 1 0 0.3
1576870386399 0 s 1 1 0 0.3
1576870386405 0 s 1 1 0 0.0
1576870386411 0 s 1 1 0 0.0
1576870386417 0 s 1 1 0 0.0
1576870386423 0 s 1 1 0 0.0
1576870386432 0 s 1 1 0 0.0
1576870386439 0 s 1 1 0 0.5
1576870386445 0 s 1 1 0 0.0
1576870386451 0 s 1 1 0 0.0
1576870386458 0 s 1 1 0 0.0
1576870386464 0 s 1 1 0 0.1
1576870386470 0 s 1 1 0 0.3
1576870386476 0 s 1 1 0 0.0
1576870386482 0 s 1 1 0 0.1
1576870386488 0 s 1 1 0 0.4
1576870386494 0 s 1 1 0 0.3
1576870386500 0 s 1 1 0 0.0
1576870386506 0 s 1 1 0 1.3
1576870386512 0 s 1 1 0 0.1
1576870386519 0 s 1 1 0 0.0
1576870386525 0 s 1 1 0 0.0
1576870386531 0 s 1 1 0 0.4
1576870386537 0 s 1 1 0 0.5
1576870386543 0 s 1 1 0 0.0
1576870386549 0 s 1 1 0 0.0
1576870386555 0 s 1 1 0 0.0
1576870386561 0 s 1 1 0 0.1
1576870386567 0 s 1 1 0 0.4
1576870386573 0 s 1 1 0 0.0
1576870386579 0 s 1 1 0 0.0
1576870386585 0 s 1 1 0 0.0
1576870386591 0 s 1 1 0 0.5
1576870386597 0 s 1 1 0 0.5
1576870386603 0 s 1 1 0 0.0
1576870386609 0 s 1 1 0 0.0
1576870386615 0 s 1 1 0 1.4
1576870386621 0 s 1 1 0 0.4
1576870386627 0 s 1 1 0 0.1
1576870386633 0 s 1 1 0 0.1
1576870386639 0 s 1 1 0 0.3
1576870386645 0 s 1 1 0 0.5
1576870386651 0 s 1 1 0 0.1
1576870386657 0 s 1 1 0 0.4
1576870386663 0 s 1 1 0 0.1
1576870386669 0 s 1 1 0 0.4
1576870386675 0 s 1 1 0 0.5
1576870386681 0 s 1 1 0 0.3
1576870386687 0 s 1 1 0 0.1
1576870386693 0 s 1 1 0 0.4
1576870386699 0 s 1 1 0 0.1
1576870386705 0 s 1 1 0 0.3
1576870386711 0 s 1 1 0 0.3
1576870386718 0 s 1 1 0 0.0
1576870386724 0 s 1 1 0 0.0
1576870386730 0 s 1 1 0 0.3
1576870386736 0 s 1 1 0 0.0
1576870386742 0 s 1 1 0 0.0
1576870386748 0 s 1 1 0 0.0
1576870386754 0 s 1 1 0 0.0
1576870386760 0 s 1 1 0 0.0
1576870386766 0 s 1 1 0 0.7
1576870386772 0 s 1 1 0 0.4
1576870386778 0 s 1 1 0 1.1
1576870386784 0 s 1 1 0 0.1
1576870386790 0 s 1 1 0 0.0
1576870386796 0 s 1 1 0 0.5
1576870386802 0 s 1 1 0 0.4
1576870386808 0 s 1 1 0 0.0
1576870386814 0 s 1 1 0 1.0
1576870386820 0 s 1 1 0 0.3
1576870386826 0 s 1 1 0 0.5
1576870386832 0 s 1 1 0 0.0
1576870386838 0 s 1 1 0 0.1
1576870386844 0 s 1 1 0 0.3
1576870386850 0 s 1 1 0 0.0
1576870386856 0 s 1 1 0 0.9
1576870386862 0 s 1 1 0 0.3
1576870386868 0 s 1 1 0 0.7
1576870386874 0 s 1 1 0 0.0
1576870386880 0 s 1 1 0 0.5
1576870386886 0 s 1 1 0 0.3
1576870386892 0 s 1 1 0 0.5
1576870386898 0 s 1 1 0 0.3
1576870386904 0 s 1 1 0 0.5
1576870386910 0 s 1 1 0 0.0
1576870386916 0 s 1 1 0 0.0
1576870386922 0 s 1 1 0 0.0
1576870386928 0 s 1 1 0 0.4
1576870386934 0 s 1 1 0 0.0
1576870386940 0 s 1 1 0 0.4
1576870386946 0 s 1 1 0 0.3
1576870386952 0 s 1 1 0 0.0
1576870386958 0 s 1 1 0 0.1
1576870386964 0 s 1 1 0 0.1
1576870386970 0 s 1 1 0 0.0
1576870386976 0 s 1 1 0 0.5
1576870386982 0 s 1 1 0 0.4
1576870386988 0 s 1 1 0 0.4
1576870386994 0 s 1 1 0 0.0
1576870387000 0 s 1 1 0 0.0
1576870387006 0 s 1 1 0 0.3
1576870387012 0 s 1 1 0 0.0
1576870387018 0 s 1 1 0 0.5
1576870387024 0 s 1 1 0 0.0
1576870387030 0 s 1 1 0 0.0
1576870387036 0 s 1 1 0 0.0
1576870387042 0 s 1 1 0 0.4
1576870387048 0 s 1 1 0 0.0
1576870387054 0 s 1 1 0 0.3
1576870387060 0 s 1 1 0 0.5
1576870387066 0 s 1 1 0 0.4
1576870387072 0 s 1 1 0 0.5
1576870387078 0 s 1 1 0 0.0
1576870387084 0 s 1 1 0 0.0
1576870387090 0 s 1 1 0 0.0
1576870387096 0 s 1 1 0 0.3
1576870387102 0 s 1 1 0 0.3
1576870387108 0 s 1 1 0 0.5
1576870387114 0 s 1 1 0 0.4
1576870387120 0 s 1 1 0 0.4
1576870387126 0 s 1 1 0 0.0
1576870387132 0 s 1 1 0 0.4
1576870387138 0 s 1 1 0 0.0
1576870387144 0 s 1 1 0 0.0
1576870387150 0 s 1 1 0 0.0
1576870387156 0 s 1 1 0 0.3
1576870387162 0 s 1 1 0 0.1
1576870387168 0 s 1 1 0 0.0
1576870387174 0 s 1 1 0 0.3
1576870387180 0 s 1 1 0 1.9
1576870387186 0 s 1 1 0 0.1
1576870387192 0 s 1 1 0 0.3
1576870387198 0 s 1 1 0 0.3
1576870387204 0 s 1 1 0 0.1
1576870387210 0 s 1 1 0 0.5
1576870387216 0 s 1 1 0 0.0
1576870387223 0 s 1 1 0 0.4
1576870387229 0 s 1 1 0 0.3
1576870387235 0 s 1 1 0 0.1
1576870387241 0 s 1 1 0 0.0
1576870387247 0 s 1 1 0 0.3
1576870387253 0 s 1 1 0 0.5
1576870387259 0 s 1 1 0 0.1
1576870387265 0 s 1 1 0 0.4
1576870387271 0 s 1 1 0 0.1
1576870387277 0 s 1 1 0 0.0
1576870387283 0 s 1 1 0 0.1
1576870387289 0 s 1 1 0 0.0
1576870387295 0 s 1 1 0 0.4
1576870387301 0 s 1 1 0 0.0
1576870387307 0 s 1 1 0 0.4
1576870387313 0 s 1 1 0 1.0
1576870387319 0 s 1 1 0 0.1
1576870387325 0 s 1 1 0 1.3
1576870387331 0 s 1 1 0 0.5
1576870387337 0 s 1 1 0 0.0
1576870387343 0 s 1 1 0 0.0
1576870387349 0 s 1 1 0 0.3
1576870387355 0 s 1 1 0 0.4
1576870387361 0 s 1 1 0 0.3
1576870387367 0 s 1 1 0 0.4
1576870387373 0 s 1 1 0 0.0
1576870387379 0 s 1 1 0 0.0
1576870387385 0 s 1 1 0 0.0
1576870387391 0 s 1 1 0 0.0
1576870387397 0 s 1 1 0 0.5
1576870387403 0 s 1 1 0 0.0
1576870387409 0 s 1 1 0 0.0
1576870387415 0 s 1 1 0 0.0
1576870387421 0 s 1 1 0 0.0
1576870387427 0 s 1 1 0 0.0
1576870387433 0 s 1 1 0 0.3
1576870387439 0 s 1 1 0 0.3
1576870387445 0 s 1 1 0 0.0
1576870387451 0 s 1 1 0 0.0
1576870387457 0 s 1 1 0 0.0
1576870387463 0 s 1 1 0 0.0
1576870387469 0 s 1 1 0 0.1
1576870387475 0 s 1 1 0 0.3
1576870387481 0 s 1 1 0 0.5
1576870387487 0 s 1 1 0 0.0
1576870387493 0 s 1 1 0 0.0
1576870387499 0 s 1 1 0 0.5
1576870387505 0 s 1 1 0 0.3
1576870387511 0 s 1 1 0 0.3
1576870387517 0 s 1 1 0 0.0
1576870387523 0 s 1 1 0 0.5
1576870387529 0 s 1 1 0 0.0
1576870387535 0 s 1 1 0 0.3
1576870387541 0 s 1 1 0 1.1
1576870387547 0 s 1 1 0 0.0
1576870387553 0 s 1 1 0 0.3
1576870387559 0 s 1 1 0 0.0
1576870387565 0 s 1 1 0 0.7
1576870387571 0 s 1 1 0 0.0
1576870387577 0 s 1 1 0 0.0
1576870387583 0 s 1 1 0 0.0
1576870387589 0 s 1 1 0 0.5
1576870387595 0 s 1 1 0 0.3
1576870387601 0 s 1 1 0 0.0
1576870387607 0 s 1 1 0 0.1
1576870387613 0 s 1 1 0 0.0
1576870387619 0 s 1 1 0 0.8
1576870387625 0 s 1 1 0 0.3
1576870387631 0 s 1 1 0 0.5
1576870387637 0 s 1 1 0 0.4
1576870387643 0 s 1 1 0 0.0
1576870387649 0 s 1 1 0 0.0
1576870387655 0 s 1 1 0 0.0
1576870387661 0 s 1 1 0 0.1
1576870387667 0 s 1 1 0 0.1
1576870387673 0 s 1 1 0 0.3
1576870387679 0 s 1 1 0 0.0
1576870387685 0 s 1 1 0 0.4
1576870387691 0 s 1 1 0 0.0
1576870387697 0 s 1 1 0 0.3
1576870387703 0 s 1 1 0 0.0
1576870387709 0 s 1 1 0 0.0
1576870387715 0 s 1 1 0 0.0
1576870387721 0 s 1 1 0 0.1
1576870387728 0 s 1 1 0 0.1
1576870387734 0 s 1 1 0 0.1
1576870387740 0 s 1 1 0 0.3
1576870387746 0 s 1 1 0 0.3
1576870387752 0 s 1 1 0 0.1
1576870387758 0 s 1 1 0 0.5
1576870387764 0 s 1 1 0 0.3
1576870387770 0 s 1 1 0 0.0
1576870387776 0 s 1 1 0 0.0
1576870387782 0 s 1 1 0 0.4
1576870387788 0 s 1 1 0 0.3
1576870387794 0 s 1 1 0 0.0
1576870387800 0 s 1 1 0 0.0
1576870387806 0 s 1 1 0 0.7
1576870387812 0 s 1 1 0 0.3
1576870387818 0 s 1 1 0 0.5
1576870387824 0 s 1 1 0 0.3
1576870387830 0 s 1 1 0 0.3
1576870387836 0 s 1 1 0 0.0
1576870387842 0 s 1 1 0 0.1
1576870387849 0 s 1 1 0 0.3
1576870387857 0 s 1 1 0 0.5
1576870387863 0 s 1 1 0 0.5
1576870387869 0 s 1 1 0 0.0
1576870387875 0 s 1 1 0 0.1
1576870387881 0 s 1 1 0 0.0
1576870387887 0 s 1 1 0 0.0
1576870387893 0 s 1 1 0 0.1
1576870387899 0 s 1 1 0 0.5
1576870387905 0 s 1 1 0 0.1
1576870387911 0 s 1 1 0 0.5
1576870387917 0 s 1 1 0 0.0
1576870387923 0 s 1 1 0 0.0
1576870387929 0 s 1 1 0 0.4
1576870387935 0 s 1 1 0 0.4
1576870387941 0 s 1 1 0 0.0
1576870387947 0 s 1 1 0 0.0
1576870387953 0 s 1 1 0 0.0
1576870387959 0 s 1 1 0 0.1
1576870387965 0 s 1 1 0 0.1
1576870387971 0 s 1 1 0 0.0
1576870387977 0 s 1 1 0 0.8
1576870387983 0 s 1 1 0 1.0
1576870387989 0 s 1 1 0 0.0
1576870387995 0 s 1 1 0 0.1
1576870388001 0 s 1 1 0 0.3
1576870388007 0 s 1 1 0 0.0
1576870388013 0 s 1 1 0 0.1
1576870388019 0 s 1 1 0 0.1
1576870388025 0 s 1 1 0 0.0
1576870388031 0 s 1 1 0 0.1
1576870388037 0 s 1 1 0 0.1
1576870388043 0 s 1 1 0 0.4
1576870388049 0 s 1 1 0 0.5
1576870388055 0 s 1 1 0 0.1
1576870388061 0 s 1 1 0 0.4
1576870388067 0 s 1 1 0 0.1
1576870388073 0 s 1 1 0 0.3
1576870388079 0 s 1 1 0 0.5
1576870388085 0 s 1 1 0 0.3
1576870388091 0 s 1 1 0 0.3
1576870388097 0 s 1 1 0 0.1
1576870388103 0 s 1 1 0 0.0
1576870388109 0 s 1 1 0 0.3
1576870388115 0 s 1 1 0 0.0
1576870388121 0 s 1 1 0 0.1
1576870388127 0 s 1 1 0 0.0
1576870388133 0 s 1 1 0 0.5
1576870388139 0 s 1 1 0 0.3
1576870388145 0 s 1 1 0 0.1
1576870388151 0 s 1 1 0 0.1
1576870388157 0 s 1 1 0 0.0
1576870388163 0 s 1 1 0 0.0
1576870388169 0 s 1 1 0 0.5
1576870388175 0 s 1 1 0 0.4
1576870388181 0 s 1 1 0 0.3
1576870388187 0 s 1 1 0 0.4
1576870388193 0 s 1 1 0 0.0
1576870388199 0 s 1 1 0 0.0
1576870388205 0 s 1 1 0 1.7
1576870388211 0 s 1 1 0 0.0
1576870388217 0 s 1 1 0 0.3
1576870388223 0 s 1 1 0 0.1
1576870388230 0 s 1 1 0 0.3
1576870388236 0 s 1 1 0 0.3
1576870388242 0 s 1 1 0 0.3
1576870388248 0 s 1 1 0 0.0
1576870388254 0 s 1 1 0 0.4
1576870388260 0 s 1 1 0 0.0
1576870388266 0 s 1 1 0 0.0
1576870388272 0 s 1 1 0 0.3
1576870388278 0 s 1 1 0 0.7
1576870388284 0 s 1 1 0 0.0
1576870388290 0 s 1 1 0 0.3
1576870388296 0 s 1 1 0 0.0
1576870388302 0 s 1 1 0 0.5
1576870388308 0 s 1 1 0 0.0
1576870388314 0 s 1 1 0 0.5
1576870388320 0 s 1 1 0 0.3
1576870388326 0 s 1 1 0 0.4
1576870388332 0 s 1 1 0 0.1
1576870388338 0 s 1 1 0 0.3
1576870388344 0 s 1 1 0 0.4
1576870388350 0 s 1 1 0 0.5
1576870388356 0 s 1 1 0 0.5
1576870388362 0 s 1 1 0 0.0
1576870388368 0 s 1 1 0 0.0
1576870388374 0 s 1 1 0 1.2
1576870388380 0 s 1 1 0 0.1
1576870388386 0 s 1 1 0 0.4
1576870388392 0 s 1 1 0 0.0
1576870388398 0 s 1 1 0 0.1
1576870388404 0 s 1 1 0 0.4
1576870388410 0 s 1 1 0 0.3
1576870388416 0 s 1 1 0 0.1
1576870388422 0 s 1 1 0 0.4
1576870388428 0 s 1 1 0 0.7
1576870388434 0 s 1 1 0 0.3
1576870388440 0 s 1 1 0 0.3
1576870388446 0 s 1 1 0 0.0
1576870388452 0 s 1 1 0 0.3
1576870388458 0 s 1 1 0 0.3
1576870388464 0 s 1 1 0 0.7
1576870388470 0 s 1 1 0 0.5
1576870388476 0 s 1 1 0 0.4
1576870388482 0 s 1 1 0 0.3
1576870388488 0 s 1 1 0 0.5
1576870388497 0 s 1 1 0 0.5
1576870388505 0 s 1 1 0 0.1
1576870388511 0 s 1 1 0 0.5
1576870388517 0 s 1 1 0 0.4
1576870388523 0 s 1 1 0 0.0
1576870388529 0 s 1 1 0 0.3
1576870388535 0 s 1 1 0 0.0
1576870388541 0 s 1 1 0 0.4
1576870388547 0 s 1 1 0 0.3
1576870388553 0 s 1 1 0 0.0
1576870388559 0 s 1 1 0 0.0
1576870388565 0 s 1 1 0 0.5
1576870388571 0 s 1 1 0 0.1
1576870388577 0 s 1 1 0 0.1
1576870388583 0 s 1 1 0 0.1
1576870388589 0 s 1 1 0 0.0
1576870388595 0 s 1 1 0 0.4
1576870388601 0 s 1 1 0 0.4
1576870388607 0 s 1 1 0 0.4
1576870388613 0 s 1 1 0 0.5
1576870388619 0 s 1 1 0 0.4
1576870388625 0 s 1 1 0 0.5
1576870388635 0 s 1 1 0 0.1
1576870388644 0 s 1 1 0 0.5
1576870388653 0 s 1 1 0 0.5
1576870388659 0 s 1 1 0 0.0
1576870388665 0 s 1 1 0 0.0
1576870388672 0 s 1 1 0 0.9
1576870388679 0 s 1 1 0 0.3
1576870388685 0 s 1 1 0 0.4
1576870388691 0 s 1 1 0 0.4
1576870388697 0 s 1 1 0 0.5
1576870388703 0 s 1 1 0 0.0
1576870388709 0 s 1 1 0 0.5
1576870388716 0 s 1 1 0 0.1
1576870388723 0 s 1 1 0 0.0
1576870388729 0 s 1 1 0 0.0
1576870388736 0 s 1 1 0 0.1
1576870388742 0 s 1 1 0 0.5
1576870388748 0 s 1 1 0 0.4
1576870388754 0 s 1 1 0 0.1
1576870388760 0 s 1 1 0 0.3
1576870388766 0 s 1 1 0 0.1
1576870388772 0 s 1 1 0 0.0
1576870388778 0 s 1 1 0 0.0
1576870388784 0 s 1 1 0 0.4
1576870388790 0 s 1 1 0 0.4
1576870388796 0 s 1 1 0 0.7
1576870388802 0 s 1 1 0 0.0
1576870388808 0 s 1 1 0 0.1
1576870388814 0 s 1 1 0 0.3
1576870388820 0 s 1 1 0 0.3
1576870388826 0 s 1 1 0 0.3
1576870388832 0 s 1 1 0 0.0
1576870388838 0 s 1 1 0 0.0
1576870388844 0 s 1 1 0 0.0
1576870388850 0 s 1 1 0 0.0
1576870388856 0 s 1 1 0 0.3
1576870388862 0 s 1 1 0 0.0
1576870388868 0 s 1 1 0 0.0
1576870388874 0 s 1 1 0 0.3
1576870388880 0 s 1 1 0 0.4
1576870388886 0 s 1 1 0 0.3
1576870388892 0 s 1 1 0 0.0
1576870388898 0 s 1 1 0 0.4
1576870388905 0 s 1 1 0 0.3
1576870388911 0 s 1 1 0 0.3
1576870388917 0 s 1 1 0 0.3
1576870388923 0 s 1 1 0 0.0
1576870388929 0 s 1 1 0 0.0
1576870388935 0 s 1 1 0 0.0
1576870388941 0 s 1 1 0 0.1
1576870388947 0 s 1 1 0 0.1
1576870388953 0 s 1 1 0 0.1
1576870388959 0 s 1 1 0 0.0
1576870388965 0 s 1 1 0 0.1
1576870388971 0 s 1 1 0 0.3
1576870388977 0 s 1 1 0 0.0
1576870388983 0 s 1 1 0 0.3
1576870388989 0 s 1 1 0 0.5
1576870388995 0 s 1 1 0 0.0
1576870389001 0 s 1 1 0 1.6
1576870389007 0 s 1 1 0 0.0
1576870389013 0 s 1 1 0 0.0
1576870389019 0 s 1 1 0 0.4
1576870389025 0 s 1 1 0 0.4
1576870389031 0 s 1 1 0 0.0
1576870389037 0 s 1 1 0 0.9
1576870389043 0 s 1 1 0 0.4
1576870389049 0 s 1 1 0 0.3
1576870389055 0 s 1 1 0 0.7
1576870389061 0 s 1 1 0 0.1
1576870389067 0 s 1 1 0 1.0
1576870389073 0 s 1 1 0 0.3
1576870389079 0 s 1 1 0 0.0
1576870389085 0 s 1 1 0 0.3
1576870389091 0 s 1 1 0 0.0
1576870389097 0 s 1 1 0 0.0
1576870389103 0 s 1 1 0 0.4
1576870389109 0 s 1 1 0 0.5
1576870389115 0 s 1 1 0 0.3
1576870389121 0 s 1 1 0 0.1
1576870389127 0 s 1 1 0 0.0
1576870389133 0 s 1 1 0 0.4
1576870389139 0 s 1 1 0 0.0
1576870389145 0 s 1 1 0 0.4
1576870389151 0 s 1 1 0 0.3
1576870389157 0 s 1 1 0 0.1
1576870389163 0 s 1 1 0 0.1
1576870389169 0 s 1 1 0 0.0
1576870389175 0 s 1 1 0 0.0
1576870389181 0 s 1 1 0 0.0
1576870389187 0 s 1 1 0 0.5
1576870389193 0 s 1 1 0 1.7
1576870389199 0 s 1 1 0 0.3
1576870389208 0 s 1 1 0 0.7
1576870389217 0 s 1 1 0 0.5
1576870389224 0 s 1 1 0 0.4
1576870389231 0 s 1 1 0 0.1
1576870389238 0 s 1 1 0 1.7
1576870389244 0 s 1 1 0 0.1
1576870389250 0 s 1 1 0 0.0
1576870389256 0 s 1 1 0 0.4
1576870389262 0 s 1 1 0 0.4
1576870389268 0 s 1 1 0 0.0
1576870389274 0 s 1 1 0 0.0
1576870389280 0 s 1 1 0 0.0
1576870389286 0 s 1 1 0 0.5
1576870389292 0 s 1 1 0 0.0
1576870389298 0 s 1 1 0 0.0
1576870389304 0 s 1 1 0 0.5
1576870389310 0 s 1 1 0 0.4
1576870389316 0 s 1 1 0 0.5
1576870389322 0 s 1 1 0 0.3
1576870389328 0 s 1 1 0 0.0
1576870389334 0 s 1 1 0 0.3
1576870389340 0 s 1 1 0 0.4
1576870389346 0 s 1 1 0 0.9
1576870389352 0 s 1 1 0 0.3
1576870389358 0 s 1 1 0 0.0
1576870389364 0 s 1 1 0 0.0
1576870389370 0 s 1 1 0 0.5
1576870389376 0 s 1 1 0 1.1
1576870389382 0 s 1 1 0 0.3
1576870389388 0 s 1 1 0 0.0
1576870389394 0 s 1 1 0 0.5
1576870389400 0 s 1 1 0 0.1
1576870389406 0 s 1 1 0 0.4
1576870389412 0 s 1 1 0 0.0
1576870389418 0 s 1 1 0 0.4
1576870389424 0 s 1 1 0 0.3
1576870389430 0 s 1 1 0 0.0
1576870389436 0 s 1 1 0 0.4
1576870389442 0 s 1 1 0 0.3
1576870389448 0 s 1 1 0 0.4
1576870389454 0 s 1 1 0 0.0
1576870389460 0 s 1 1 0 0.0
1576870389466 0 s 1 1 0 0.4
1576870389472 0 s 1 1 0 0.5
1576870389478 0 s 1 1 0 0.5
1576870389484 0 s 1 1 0 0.1
1576870389490 0 s 1 1 0 0.3
1576870389496 0 s 1 1 0 0.0
1576870389502 0 s 1 1 0 0.3
1576870389508 0 s 1 1 0 0.1
1576870389514 0 s 1 1 0 0.0
1576870389520 0 s 1 1 0 0.5
1576870389526 0 s 1 1 0 0.0
1576870389532 0 s 1 1 0 0.1
1576870389538 0 s 1 1 0 0.4
1576870389544 0 s 1 1 0 1.1
1576870389550 0 s 1 1 0 0.0
1576870389556 0 s 1 1 0 0.0
1576870389562 0 s 1 1 0 0.1
1576870389568 0 s 1 1 0 0.0
1576870389574 0 s 1 1 0 0.1
1576870389580 0 s 1 1 0 0.5
1576870389586 0 s 1 1 0 0.0
1576870389592 0 s 1 1 0 0.3
1576870389598 0 s 1 1 0 0.0
1576870389604 0 s 1 1 0 0.1
1576870389610 0 s 1 1 0 0.0
1576870389616 0 s 1 1 0 0.5
1576870389622 0 s 1 1 0 0.5
1576870389628 0 s 1 1 0 0.1
1576870389634 0 s 1 1 0 1.0
1576870389640 0 s 1 1 0 0.0
1576870389646 0 s 1 1 0 0.5
1576870389652 0 s 1 1 0 0.0
1576870389658 0 s 1 1 0 2.0
1576870389664 0 s 1 1 0 0.3
1576870389670 0 s 1 1 0 1.3
1576870389676 0 s 1 1 0 0.0
1576870389682 0 s 1 1 0 0.4
1576870389688 0 s 1 1 0 1.2
1576870389694 0 s 1 1 0 0.0
1576870389700 0 s 1 1 0 0.5
1576870389706 0 s 1 1 0 0.1
1576870389712 0 s 1 1 0 0.3
1576870389718 0 s 1 1 0 0.3
1576870389724 0 s 1 1 0 0.0
1576870389730 0 s 1 1 0 0.3
1576870389736 0 s 1 1 0 0.0
1576870389743 0 s 1 1 0 0.3
1576870389749 0 s 1 1 0 0.1
1576870389755 0 s 1 1 0 0.0
1576870389761 0 s 1 1 0 0.1
1576870389767 0 s 1 1 0 0.3
1576870389773 0 s 1 1 0 0.1
1576870389779 0 s 1 1 0 0.4
1576870389785 0 s 1 1 0 0.1
1576870389791 0 s 1 1 0 0.3
1576870389797 0 s 1 1 0 0.1
1576870389803 0 s 1 1 0 0.3
1576870389809 0 s 1 1 0 0.1
1576870389815 0 s 1 1 0 1.2
1576870389821 0 s 1 1 0 0.3
1576870389827 0 s 1 1 0 0.4
1576870389833 0 s 1 1 0 0.4
1576870389839 0 s 1 1 0 1.1
1576870389845 0 s 1 1 0 0.1
1576870389851 0 s 1 1 0 0.1
1576870389857 0 s 1 1 0 0.0
1576870389863 0 s 1 1 0 0.0
1576870389869 0 s 1 1 0 0.1
1576870389875 0 s 1 1 0 0.4
1576870389881 0 s 1 1 0 0.1
1576870389887 0 s 1 1 0 0.1
1576870389893 0 s 1 1 0 0.4
1576870389899 0 s 1 1 0 0.1
1576870389905 0 s 1 1 0 0.0
1576870389911 0 s 1 1 0 0.5
1576870389917 0 s 1 1 0 0.1
1576870389923 0 s 1 1 0 0.3
1576870389929 0 s 1 1 0 0.0
1576870389935 0 s 1 1 0 0.0
1576870389941 0 s 1 1 0 0.3
1576870389947 0 s 1 1 0 0.0
1576870389953 0 s 1 1 0 0.0
1576870389959 0 s 1 1 0 0.7
1576870389965 0 s 1 1 0 0.1
1576870389971 0 s 1 1 0 0.0
1576870389977 0 s 1 1 0 0.4
1576870389983 0 s 1 1 0 0.3
1576870389989 0 s 1 1 0 0.0
1576870389995 0 s 1 1 0 1.7
1576870390001 0 s 1 1 0 0.4
1576870390007 0 s 1 1 0 0.0
1576870390013 0 s 1 1 0 0.0
1576870390019 0 s 1 1 0 0.0
1576870390025 0 s 1 1 0 0.3
1576870390031 0 s 1 1 0 1.0
1576870390037 0 s 1 1 0 0.4
1576870390043 0 s 1 1 0 0.5
1576870390049 0 s 1 1 0 0.3
1576870390055 0 s 1 1 0 0.1
1576870390061 0 s 1 1 0 0.0
1576870390067 0 s 1 1 0 0.4
1576870390073 0 s 1 1 0 0.3
1576870390079 0 s 1 1 0 0.3
1576870390085 0 s 1 1 0 0.0
1576870390091 0 s 1 1 0 0.0
1576870390097 0 s 1 1 0 0.0
1576870390103 0 s 1 1 0 0.0
1576870390109 0 s 1 1 0 0.0
1576870390115 0 s 1 1 0 0.0
1576870390121 0 s 1 1 0 0.1
1576870390127 0 s 1 1 0 0.1
1576870390133 0 s 1 1 0 0.0
1576870390139 0 s 1 1 0 0.1
1576870390145 0 s 1 1 0 0.1
1576870390151 0 s 1 1 0 0.3
1576870390157 0 s 1 1 0 0.0
1576870390163 0 s 1 1 0 0.0
1576870390169 0 s 1 1 0 0.3
1576870390175 0 s 1 1 0 0.4
1576870390181 0 s 1 1 0 0.0
1576870390187 0 s 1 1 0 0.0
1576870390193 0 s 1 1 0 0.5
1576870390199 0 s 1 1 0 0.1
1576870390205 0 s 1 1 0 0.7
1576870390211 0 s 1 1 0 0.0
1576870390217 0 s 1 1 0 0.1
1576870390223 0 s 1 1 0 0.0
1576870390229 0 s 1 1 0 0.7
1576870390235 0 s 1 1 0 0.4
1576870390241 0 s 1 1 0 0.4
1576870390248 0 s 1 1 0 0.4
1576870390254 0 s 1 1 0 0.3
1576870390260 0 s 1 1 0 0.0
1576870390266 0 s 1 1 0 0.1
1576870390272 0 s 1 1 0 0.5
1576870390278 0 s 1 1 0 0.0
1576870390284 0 s 1 1 0 0.0
1576870390290 0 s 1 1 0 0.4
1576870390296 0 s 1 1 0 0.3
1576870390302 0 s 1 1 0 0.4
1576870390308 0 s 1 1 0 0.4
1576870390314 0 s 1 1 0 0.1
1576870390320 0 s 1 1 0 0.5
1576870390326 0 s 1 1 0 0.0
1576870390332 0 s 1 1 0 0.0
1576870390338 0 s 1 1 0 0.0
1576870390344 0 s 1 1 0 0.0
1576870390350 0 s 1 1 0 1.0
1576870390356 0 s 1 1 0 0.5
1576870390362 0 s 1 1 0 0.3
1576870390368 0 s 1 1 0 0.3
1576870390374 0 s 1 1 0 0.0
1576870390380 0 s 1 1 0 0.0
1576870390386 0 s 1 1 0 0.4
1576870390392 0 s 1 1 0 0.0
1576870390398 0 s 1 1 0 0.1
1576870390404 0 s 1 1 0 0.1
1576870390410 0 s 1 1 0 0.3
1576870390416 0 s 1 1 0 0.1
1576870390422 0 s 1 1 0 0.1
1576870390428 0 s 1 1 0 0.1
1576870390434 0 s 1 1 0 0.9
1576870390440 0 s 1 1 0 0.3
1576870390446 0 s 1 1 0 0.4
1576870390452 0 s 1 1 0 0.3
1576870390458 0 s 1 1 0 0.4
1576870390464 0 s 1 1 0 0.7
1576870390470 0 s 1 1 0 0.1
1576870390476 0 s 1 1 0 0.3
1576870390482 0 s 1 1 0 0.0
1576870390488 0 s 1 1 0 0.3
1576870390494 0 s 1 1 0 0.0
1576870390500 0 s 1 1 0 0.0
1576870390506 0 s 1 1 0 0.9
1576870390512 0 s 1 1 0 0.1
1576870390518 0 s 1 1 0 0.0
1576870390524 0 s 1 1 0 0.0
1576870390530 0 s 1 1 0 0.0
1576870390536 0 s 1 1 0 0.5
1576870390542 0 s 1 1 0 0.0
1576870390548 0 s 1 1 0 0.1
1576870390554 0 s 1 1 0 0.1
1576870390560 0 s 1 1 0 0.5
1576870390566 0 s 1 1 0 0.4
1576870390572 0 s 1 1 0 0.0
1576870390578 0 s 1 1 0 0.1
1576870390584 0 s 1 1 0 0.0
1576870390590 0 s 1 1 0 0.0
1576870390596 0 s 1 1 0 0.0
1576870390602 0 s 1 1 0 0.0
1576870390608 0 s 1 1 0 0.0
1576870390614 0 s 1 1 0 0.0
1576870390620 0 s 1 1 0 0.0
1576870390626 0 s 1 1 0 0.1
1576870390632 0 s 1 1 0 0.1
1576870390638 0 s 1 1 0 0.0
1576870390644 0 s 1 1 0 0.0
1576870390650 0 s 1 1 0 0.0
1576870390656 0 s 1 1 0 0.0
1576870390662 0 s 1 1 0 0.0
1576870390668 0 s 1 1 0 0.4
1576870390674 0 s 1 1 0 0.1
1576870390680 0 s 1 1 0 0.0
1576870390686 0 s 1 1 0 0.3
1576870390692 0 s 1 1 0 0.0
1576870390698 0 s 1 1 0 0.3
1576870390704 0 s 1 1 0 0.5
1576870390710 0 s 1 1 0 0.7
1576870390716 0 s 1 1 0 0.0
1576870390722 0 s 1 1 0 0.0
1576870390728 0 s 1 1 0 0.0
1576870390734 0 s 1 1 0 0.5
1576870390740 0 s 1 1 0 0.4
1576870390746 0 s 1 1 0 0.0
1576870390753 0 s 1 1 0 0.4
1576870390759 0 s 1 1 0 0.4
1576870390765 0 s 1 1 0 0.0
1576870390771 0 s 1 1 0 0.4
1576870390777 0 s 1 1 0 0.7
1576870390783 0 s 1 1 0 0.0
1576870390789 0 s 1 1 0 0.1
1576870390795 0 s 1 1 0 0.3
1576870390801 0 s 1 1 0 0.0
1576870390807 0 s 1 1 0 0.5
1576870390813 0 s 1 1 0 0.1
1576870390819 0 s 1 1 0 2.0
1576870390825 0 s 1 1 0 0.1
1576870390831 0 s 1 1 0 0.4
1576870390837 0 s 1 1 0 0.4
1576870390843 0 s 1 1 0 0.1
1576870390849 0 s 1 1 0 0.1
1576870390855 0 s 1 1 0 0.1
1576870390861 0 s 1 1 0 0.1
1576870390867 0 s 1 1 0 0.0
1576870390873 0 s 1 1 0 0.0
1576870390879 0 s 1 1 0 0.4
1576870390885 0 s 1 1 0 0.5
1576870390891 0 s 1 1 0 0.5
1576870390897 0 s 1 1 0 0.1
1576870390903 0 s 1 1 0 1.4
1576870390909 0 s 1 1 0 0.0
1576870390915 0 s 1 1 0 0.0
1576870390921 0 s 1 1 0 0.5
1576870390927 0 s 1 1 0 0.3
1576870390933 0 s 1 1 0 0.5
1576870390939 0 s 1 1 0 0.1
1576870390945 0 s 1 1 0 0.3
1576870390951 0 s 1 1 0 0.4
1576870390957 0 s 1 1 0 0.5
1576870390963 0 s 1 1 0 0.0
1576870390969 0 s 1 1 0 0.0
1576870390975 0 s 1 1 0 0.0
1576870390981 0 s 1 1 0 0.3
1576870390987 0 s 1 1 0 0.3
1576870390993 0 s 1 1 0 0.4
1576870390999 0 s 1 1 0 0.0
1576870391005 0 s 1 1 0 0.0
1576870391011 0 s 1 1 0 0.3
1576870391017 0 s 1 1 0 0.0
1576870391023 0 s 1 1 0 0.1
1576870391029 0 s 1 1 0 0.0
1576870391035 0 s 1 1 0 0.0
1576870391041 0 s 1 1 0 0.3
1576870391047 0 s 1 1 0 0.4
1576870391053 0 s 1 1 0 0.1
1576870391059 0 s 1 1 0 0.0
1576870391065 0 s 1 1 0 0.1
1576870391071 0 s 1 1 0 0.0
1576870391077 0 s 1 1 0 0.0
1576870391083 0 s 1 1 0 0.1
1576870391089 0 s 1 1 0 0.3
1576870391095 0 s 1 1 0 0.3
1576870391101 0 s 1 1 0 0.4
1576870391107 0 s 1 1 0 0.5
1576870391113 0 s 1 1 0 0.0
1576870391119 0 s 1 1 0 0.7
1576870391125 0 s 1 1 0 0.1
1576870391131 0 s 1 1 0 0.3
1576870391137 0 s 1 1 0 0.4
1576870391143 0 s 1 1 0 0.4
1576870391149 0 s 1 1 0 0.1
1576870391155 0 s 1 1 0 0.0
1576870391161 0 s 1 1 0 0.4
1576870391167 0 s 1 1 0 0.0
1576870391173 0 s 1 1 0 0.5
1576870391179 0 s 1 1 0 0.1
1576870391185 0 s 1 1 0 0.4
1576870391191 0 s 1 1 0 0.3
1576870391197 0 s 1 1 0 0.0
1576870391203 0 s 1 1 0 0.3
1576870391209 0 s 1 1 0 0.5
1576870391215 0 s 1 1 0 0.3
1576870391221 0 s 1 1 0 0.3
1576870391227 0 s 1 1 0 0.0
1576870391233 0 s 1 1 0 0.0
1576870391239 0 s 1 1 0 0.3
1576870391245 0 s 1 1 0 0.5
1576870391251 0 s 1 1 0 0.5
1576870391258 0 s 1 1 0 0.1
1576870391264 0 s 1 1 0 0.0
1576870391270 0 s 1 1 0 0.0
1576870391276 0 s 1 1 0 0.5
1576870391282 0 s 1 1 0 0.1
1576870391288 0 s 1 1 0 0.1
1576870391294 0 s 1 1 0 0.3
1576870391300 0 s 1 1 0 0.1
1576870391306 0 s 1 1 0 0.3
1576870391312 0 s 1 1 0 0.0
1576870391318 0 s 1 1 0 0.4
1576870391324 0 s 1 1 0 0.4
1576870391330 0 s 1 1 0 0.0
1576870391336 0 s 1 1 0 0.1
1576870391342 0 s 1 1 0 0.4
1576870391348 0 s 1 1 0 0.1
1576870391354 0 s 1 1 0 0.0
1576870391360 0 s 1 1 0 0.5
1576870391366 0 s 1 1 0 0.5
1576870391372 0 s 1 1 0 0.0
1576870391378 0 s 1 1 0 0.5
1576870391384 0 s 1 1 0 0.0
1576870391390 0 s 1 1 0 0.5
1576870391396 0 s 1 1 0 0.3
1576870391402 0 s 1 1 0 0.1
1576870391408 0 s 1 1 0 0.0
1576870391414 0 s 1 1 0 0.3
1576870391420 0 s 1 1 0 0.0
1576870391426 0 s 1 1 0 0.4
1576870391432 0 s 1 1 0 0.0
1576870391438 0 s 1 1 0 0.3
1576870391444 0 s 1 1 0 0.3
1576870391450 0 s 1 1 0 0.1
1576870391456 0 s 1 1 0 0.3
1576870391462 0 s 1 1 0 0.0
1576870391468 0 s 1 1 0 0.0
1576870391474 0 s 1 1 0 0.3
1576870391480 0 s 1 1 0 0.0
1576870391486 0 s 1 1 0 0.5
1576870391492 0 s 1 1 0 0.1
1576870391498 0 s 1 1 0 0.0
1576870391504 0 s 1 1 0 0.3
1576870391510 0 s 1 1 0 0.0
1576870391516 0 s 1 1 0 0.0
1576870391522 0 s 1 1 0 0.0
1576870391528 0 s 1 1 0 0.0
1576870391534 0 s 1 1 0 0.5
1576870391540 0 s 1 1 0 0.1
1576870391546 0 s 1 1 0 0.3
1576870391552 0 s 1 1 0 1.1
1576870391558 0 s 1 1 0 0.0
1576870391564 0 s 1 1 0 0.3
1576870391570 0 s 1 1 0 0.0
1576870391576 0 s 1 1 0 0.0
1576870391582 0 s 1 1 0 0.0
1576870391588 0 s 1 1 0 0.4
1576870391594 0 s 1 1 0 0.4
1576870391600 0 s 1 1 0 1.6
1576870391606 0 s 1 1 0 0.0
1576870391612 0 s 1 1 0 0.0
1576870391618 0 s 1 1 0 0.0
1576870391624 0 s 1 1 0 0.5
1576870391630 0 s 1 1 0 0.4
1576870391636 0 s 1 1 0 0.3
1576870391642 0 s 1 1 0 0.4
1576870391648 0 s 1 1 0 0.3
1576870391654 0 s 1 1 0 0.5
1576870391660 0 s 1 1 0 0.0
1576870391666 0 s 1 1 0 0.0
1576870391672 0 s 1 1 0 0.0
1576870391678 0 s 1 1 0 0.1
1576870391684 0 s 1 1 0 0.0
1576870391690 0 s 1 1 0 0.4
1576870391696 0 s 1 1 0 0.0
1576870391702 0 s 1 1 0 0.0
1576870391708 0 s 1 1 0 0.4
1576870391714 0 s 1 1 0 0.4
1576870391720 0 s 1 1 0 0.7
1576870391726 0 s 1 1 0 0.3
1576870391732 0 s 1 1 0 0.1
1576870391738 0 s 1 1 0 1.6
1576870391744 0 s 1 1 0 0.4
1576870391750 0 s 1 1 0 0.7
1576870391756 0 s 1 1 0 0.5
1576870391763 0 s 1 1 0 0.0
1576870391769 0 s 1 1 0 0.0
1576870391775 0 s 1 1 0 0.3
1576870391784 0 s 1 1 0 0.0
1576870391790 0 s 1 1 0 0.5
1576870391796 0 s 1 1 0 0.0
1576870391803 0 s 1 1 0 0.0
1576870391809 0 s 1 1 0 0.4
1576870391815 0 s 1 1 0 0.1
1576870391821 0 s 1 1 0 0.0
1576870391827 0 s 1 1 0 0.5
1576870391833 0 s 1 1 0 0.0
1576870391839 0 s 1 1 0 0.5
1576870391845 0 s 1 1 0 0.0
1576870391851 0 s 1 1 0 0.0
1576870391857 0 s 1 1 0 0.1
1576870391863 0 s 1 1 0 0.0
1576870391869 0 s 1 1 0 0.0
1576870391875 0 s 1 1 0 0.0
1576870391881 0 s 1 1 0 0.5
1576870391887 0 s 1 1 0 0.4
1576870391893 0 s 1 1 0 0.0
1576870391899 0 s 1 1 0 0.0
1576870391905 0 s 1 1 0 0.4
1576870391911 0 s 1 1 0 0.4
1576870391917 0 s 1 1 0 0.0
1576870391923 0 s 1 1 0 0.0
1576870391929 0 s 1 1 0 0.0
1576870391935 0 s 1 1 0 0.1
1576870391941 0 s 1 1 0 0.4
1576870391947 0 s 1 1 0 0.5
1576870391953 0 s 1 1 0 0.4
1576870391959 0 s 1 1 0 0.0
1576870391965 0 s 1 1 0 0.4
1576870391971 0 s 1 1 0 0.7
1576870391977 0 s 1 1 0 0.3
1576870391983 0 s 1 1 0 0.1
1576870391989 0 s 1 1 0 0.1
1576870391995 0 s 1 1 0 0.1
1576870392001 0 s 1 1 0 0.0
1576870392007 0 s 1 1 0 0.1
1576870392013 0 s 1 1 0 0.0
1576870392019 0 s 1 1 0 0.1
1576870392025 0 s 1 1 0 0.0
1576870392031 0 s 1 1 0 0.5
1576870392037 0 s 1 1 0 0.3
1576870392043 0 s 1 1 0 0.1
1576870392049 0 s 1 1 0 0.0
1576870392055 0 s 1 1 0 0.3
1576870392061 0 s 1 1 0 0.0
1576870392067 0 s 1 1 0 0.1
1576870392073 0 s 1 1 0 0.1
1576870392079 0 s 1 1 0 0.0
1576870392085 0 s 1 1 0 0.1
1576870392091 0 s 1 1 0 0.4
1576870392097 0 s 1 1 0 0.9
1576870392103 0 s 1 1 0 0.3
1576870392109 0 s 1 1 0 0.5
1576870392115 0 s 1 1 0 0.0
1576870392121 0 s 1 1 0 0.5
1576870392127 0 s 1 1 0 0.5
1576870392133 0 s 1 1 0 0.4
1576870392139 0 s 1 1 0 0.5
1576870392145 0 s 1 1 0 0.4
1576870392151 0 s 1 1 0 0.5
1576870392157 0 s 1 1 0 0.1
1576870392163 0 s 1 1 0 1.0
1576870392169 0 s 1 1 0 0.5
1576870392175 0 s 1 1 0 2.0
1576870392181 0 s 1 1 0 0.1
1576870392187 0 s 1 1 0 0.1
1576870392193 0 s 1 1 0 0.0
1576870392199 0 s 1 1 0 0.0
1576870392205 0 s 1 1 0 0.1
1576870392211 0 s 1 1 0 0.0
1576870392217 0 s 1 1 0 0.0
1576870392223 0 s 1 1 0 0.0
1576870392229 0 s 1 1 0 0.0
1576870392235 0 s 1 1 0 0.5
1576870392241 0 s 1 1 0 0.1
1576870392247 0 s 1 1 0 0.5
1576870392253 0 s 1 1 0 0.3
1576870392259 0 s 1 1 0 0.1
1576870392266 0 s 1 1 0 0.0
1576870392272 0 s 1 1 0 0.0
1576870392278 0 s 1 1 0 0.1
1576870392284 0 s 1 1 0 0.1
1576870392290 0 s 1 1 0 0.1
1576870392296 0 s 1 1 0 0.1
1576870392302 0 s 1 1 0 0.0
1576870392308 0 s 1 1 0 0.0
1576870392314 0 s 1 1 0 0.4
1576870392320 0 s 1 1 0 1.1
1576870392326 0 s 1 1 0 0.3
1576870392332 0 s 1 1 0 0.7
1576870392338 0 s 1 1 0 0.0
1576870392344 0 s 1 1 0 0.0
1576870392350 0 s 1 1 0 0.4
1576870392356 0 s 1 1 0 0.5
1576870392362 0 s 1 1 0 0.0
1576870392368 0 s 1 1 0 1.9
1576870392374 0 s 1 1 0 0.3
1576870392380 0 s 1 1 0 0.3
1576870392386 0 s 1 1 0 0.1
1576870392392 0 s 1 1 0 0.4
1576870392398 0 s 1 1 0 2.0
1576870392404 0 s 1 1 0 0.5
1576870392410 0 s 1 1 0 0.3
1576870392416 0 s 1 1 0 0.3
1576870392422 0 s 1 1 0 0.0
1576870392428 0 s 1 1 0 0.1
1576870392434 0 s 1 1 0 0.0
1576870392440 0 s 1 1 0 0.0
1576870392446 0 s 1 1 0 0.0
1576870392452 0 s 1 1 0 0.1
1576870392458 0 s 1 1 0 0.1
1576870392464 0 s 1 1 0 0.1
1576870392470 0 s 1 1 0 0.5
1576870392476 0 s 1 1 0 0.4
1576870392482 0 s 1 1 0 0.4
1576870392488 0 s 1 1 0 0.1
1576870392494 0 s 1 1 0 0.4
1576870392500 0 s 1 1 0 0.5
1576870392506 0 s 1 1 0 0.0
1576870392512 0 s 1 1 0 0.0
1576870392518 0 s 1 1 0 0.3
1576870392524 0 s 1 1 0 0.4
1576870392530 0 s 1 1 0 0.3
1576870392536 0 s 1 1 0 0.5
1576870392542 0 s 1 1 0 0.1
1576870392548 0 s 1 1 0 0.4
1576870392554 0 s 1 1 0 1.1
1576870392560 0 s 1 1 0 0.0
1576870392566 0 s 1 1 0 0.0
1576870392572 0 s 1 1 0 0.3
1576870392578 0 s 1 1 0 0.1
1576870392584 0 s 1 1 0 0.1
1576870392590 0 s 1 1 0 1.0
1576870392596 0 s 1 1 0 0.0
1576870392602 0 s 1 1 0 0.4
1576870392608 0 s 1 1 0 2.0
1576870392614 0 s 1 1 0 0.4
1576870392620 0 s 1 1 0 0.3
1576870392626 0 s 1 1 0 0.0
1576870392632 0 s 1 1 0 0.1
1576870392638 0 s 1 1 0 0.0
1576870392644 0 s 1 1 0 0.5
1576870392650 0 s 1 1 0 0.0
1576870392656 0 s 1 1 0 0.5
1576870392662 0 s 1 1 0 0.4
1576870392668 0 s 1 1 0 0.0
1576870392674 0 s 1 1 0 0.3
1576870392680 0 s 1 1 0 1.0
1576870392686 0 s 1 1 0 0.0
1576870392692 0 s 1 1 0 0.3
1576870392698 0 s 1 1 0 0.3
1576870392704 0 s 1 1 0 0.0
1576870392710 0 s 1 1 0 0.5
1576870392716 0 s 1 1 0 0.1
1576870392722 0 s 1 1 0 0.0
1576870392728 0 s 1 1 0 0.3
1576870392734 0 s 1 1 0 0.0
1576870392740 0 s 1 1 0 0.0
1576870392746 0 s 1 1 0 0.3
1576870392752 0 s 1 1 0 0.1
1576870392761 0 s 1 1 0 0.3
1576870392767 0 s 1 1 0 0.1
1576870392774 0 s 1 1 0 0.4
1576870392780 0 s 1 1 0 0.1
1576870392786 0 s 1 1 0 0.0
1576870392792 0 s 1 1 0 0.5
1576870392798 0 s 1 1 0 0.0
1576870392804 0 s 1 1 0 0.3
1576870392810 0 s 1 1 0 0.4
1576870392816 0 s 1 1 0 0.3
1576870392822 0 s 1 1 0 0.4
1576870392828 0 s 1 1 0 0.1
1576870392834 0 s 1 1 0 0.3
1576870392840 0 s 1 1 0 0.5
1576870392846 0 s 1 1 0 0.9
1576870392852 0 s 1 1 0 0.1
1576870392858 0 s 1 1 0 0.0
1576870392864 0 s 1 1 0 0.3
1576870392870 0 s 1 1 0 0.0
1576870392876 0 s 1 1 0 0.0
1576870392882 0 s 1 1 0 0.0
1576870392888 0 s 1 1 0 1.1
1576870392894 0 s 1 1 0 0.4
1576870392900 0 s 1 1 0 0.0
1576870392906 0 s 1 1 0 0.3
1576870392912 0 s 1 1 0 0.3
1576870392918 0 s 1 1 0 0.5
1576870392924 0 s 1 1 0 0.4
1576870392930 0 s 1 1 0 0.9
1576870392936 0 s 1 1 0 0.0
1576870392942 0 s 1 1 0 0.5
1576870392948 0 s 1 1 0 0.0
1576870392954 0 s 1 1 0 0.3
1576870392960 0 s 1 1 0 0.1
1576870392966 0 s 1 1 0 0.0
1576870392972 0 s 1 1 0 0.1
1576870392978 0 s 1 1 0 0.0
1576870392984 0 s 1 1 0 0.0
1576870392990 0 s 1 1 0 0.0
1576870392996 0 s 1 1 0 0.0
1576870393002 0 s 1 1 0 0.4
1576870393008 0 s 1 1 0 0.3
1576870393014 0 s 1 1 0 0.0
1576870393020 0 s 1 1 0 0.0
1576870393026 0 s 1 1 0 0.0
1576870393032 0 s 1 1 0 0.0
1576870393038 0 s 1 1 0 0.5
1576870393044 0 s 1 1 0 0.0
1576870393050 0 s 1 1 0 0.5
1576870393057 0 s 1 1 0 0.0
1576870393063 0 s 1 1 0 0.1
1576870393072 0 s 1 1 0 0.3
1576870393079 0 s 1 1 0 0.0
1576870393085 0 s 1 1 0 0.4
1576870393091 0 s 1 1 0 0.0
1576870393097 0 s 1 1 0 0.1
1576870393104 0 s 1 1 0 0.1
1576870393110 0 s 1 1 0 0.4
1576870393116 0 s 1 1 0 0.0
1576870393122 0 s 1 1 0 0.0
1576870393128 0 s 1 1 0 0.1
1576870393134 0 s 1 1 0 0.1
1576870393140 0 s 1 1 0 0.3
1576870393146 0 s 1 1 0 0.0
1576870393152 0 s 1 1 0 0.5
1576870393158 0 s 1 1 0 0.0
1576870393164 0 s 1 1 0 0.1
1576870393170 0 s 1 1 0 0.3
1576870393176 0 s 1 1 0 0.0
1576870393182 0 s 1 1 0 0.0
1576870393188 0 s 1 1 0 0.0
1576870393194 0 s 1 1 0 0.4
1576870393200 0 s 1 1 0 0.5
1576870393206 0 s 1 1 0 0.5
1576870393212 0 s 1 1 0 0.0
1576870393218 0 s 1 1 0 0.8
1576870393224 0 s 1 1 0 0.5
1576870393230 0 s 1 1 0 0.0
1576870393236 0 s 1 1 0 0.0
1576870393242 0 s 1 1 0 0.7
1576870393248 0 s 1 1 0 0.0
1576870393254 0 s 1 1 0 0.0
1576870393260 0 s 1 1 0 0.1
1576870393266 0 s 1 1 0 0.5
1576870393272 0 s 1 1 0 0.0
1576870393279 0 s 1 1 0 0.0
1576870393285 0 s 1 1 0 0.0
1576870393291 0 s 1 1 0 0.4
1576870393297 0 s 1 1 0 0.5
1576870393303 0 s 1 1 0 0.0
1576870393309 0 s 1 1 0 0.5
1576870393315 0 s 1 1 0 0.7
1576870393321 0 s 1 1 0 0.5
1576870393327 0 s 1 1 0 0.9
1576870393333 0 s 1 1 0 0.0
1576870393339 0 s 1 1 0 0.5
1576870393345 0 s 1 1 0 0.3
1576870393351 0 s 1 1 0 0.0
1576870393357 0 s 1 1 0 0.3
1576870393363 0 s 1 1 0 0.4
1576870393369 0 s 1 1 0 0.0
1576870393375 0 s 1 1 0 0.0
1576870393381 0 s 1 1 0 0.0
1576870393387 0 s 1 1 0 0.3
1576870393393 0 s 1 1 0 0.4
1576870393399 0 s 1 1 0 0.1
1576870393405 0 s 1 1 0 0.5
1576870393411 0 s 1 1 0 0.0
1576870393417 0 s 1 1 0 0.0
1576870393423 0 s 1 1 0 0.5
1576870393429 0 s 1 1 0 0.0
1576870393435 0 s 1 1 0 0.0
1576870393441 0 s 1 1 0 0.1
1576870393447 0 s 1 1 0 0.0
1576870393453 0 s 1 1 0 0.5
1576870393459 0 s 1 1 0 0.3
1576870393465 0 s 1 1 0 0.4
1576870393471 0 s 1 1 0 0.3
1576870393477 0 s 1 1 0 0.0
1576870393483 0 s 1 1 0 0.4
1576870393489 0 s 1 1 0 0.4
1576870393495 0 s 1 1 0 0.0
1576870393501 0 s 1 1 0 0.0
1576870393507 0 s 1 1 0 0.0
1576870393513 0 s 1 1 0 0.3
1576870393519 0 s 1 1 0 0.0
1576870393525 0 s 1 1 0 0.0
1576870393531 0 s 1 1 0 0.4
1576870393537 0 s 1 1 0 0.0
1576870393543 0 s 1 1 0 0.3
1576870393549 0 s 1 1 0 0.5
1576870393555 0 s 1 1 0 0.4
1576870393561 0 s 1 1 0 0.3
1576870393567 0 s 1 1 0 0.1
1576870393573 0 s 1 1 0 1.7
1576870393579 0 s 1 1 0 0.1
1576870393585 0 s 1 1 0 0.5
1576870393591 0 s 1 1 0 0.1
1576870393597 0 s 1 1 0 0.3
1576870393603 0 s 1 1 0 0.1
1576870393609 0 s 1 1 0 0.1
1576870393615 0 s 1 1 0 0.5
1576870393621 0 s 1 1 0 2.0
1576870393627 0 s 1 1 0 0.1
1576870393633 0 s 1 1 0 0.0
1576870393639 0 s 1 1 0 0.0
1576870393645 0 s 1 1 0 0.1
1576870393651 0 s 1 1 0 0.0
1576870393657 0 s 1 1 0 0.0
1576870393663 0 s 1 1 0 0.3
1576870393669 0 s 1 1 0 0.5
1576870393675 0 s 1 1 0 0.1
1576870393681 0 s 1 1 0 0.0
1576870393687 0 s 1 1 0 0.1
1576870393693 0 s 1 1 0 0.3
1576870393699 0 s 1 1 0 0.0
1576870393705 0 s 1 1 0 0.5
1576870393711 0 s 1 1 0 0.0
1576870393717 0 s 1 1 0 0.3
1576870393723 0 s 1 1 0 0.0
1576870393729 0 s 1 1 0 0.0
1576870393735 0 s 1 1 0 0.0
1576870393741 0 s 1 1 0 0.3
1576870393747 0 s 1 1 0 0.4
1576870393753 0 s 1 1 0 0.1
1576870393759 0 s 1 1 0 0.0
1576870393765 0 s 1 1 0 0.3
1576870393771 0 s 1 1 0 0.1
1576870393777 0 s 1 1 0 0.5
1576870393784 0 s 1 1 0 0.1
1576870393790 0 s 1 1 0 0.1
1576870393796 0 s 1 1 0 0.3
1576870393802 0 s 1 1 0 0.1
1576870393808 0 s 1 1 0 0.0
1576870393814 0 s 1 1 0 0.4
1576870393820 0 s 1 1 0 1.9
1576870393826 0 s 1 1 0 1.7
1576870393832 0 s 1 1 0 0.3
1576870393838 0 s 1 1 0 0.3
1576870393844 0 s 1 1 0 0.0
1576870393850 0 s 1 1 0 0.0
1576870393856 0 s 1 1 0 0.3
1576870393862 0 s 1 1 0 0.3
1576870393868 0 s 1 1 0 0.3
1576870393874 0 s 1 1 0 0.5
1576870393880 0 s 1 1 0 0.4
1576870393886 0 s 1 1 0 0.0
1576870393892 0 s 1 1 0 0.3
1576870393898 0 s 1 1 0 0.0
1576870393904 0 s 1 1 0 0.3
1576870393910 0 s 1 1 0 0.1
1576870393916 0 s 1 1 0 0.4
1576870393922 0 s 1 1 0 0.3
1576870393928 0 s 1 1 0 0.3
1576870393934 0 s 1 1 0 0.3
1576870393940 0 s 1 1 0 0.1
1576870393946 0 s 1 1 0 0.4
1576870393952 0 s 1 1 0 0.0
1576870393958 0 s 1 1 0 0.1
1576870393964 0 s 1 1 0 0.0
1576870393970 0 s 1 1 0 0.1
1576870393976 0 s 1 1 0 0.4
1576870393982 0 s 1 1 0 0.0
1576870393988 0 s 1 1 0 0.4
1576870393994 0 s 1 1 0 0.0
1576870394000 0 s 1 1 0 1.0
1576870394006 0 s 1 1 0 0.1
1576870394012 0 s 1 1 0 0.0
1576870394018 0 s 1 1 0 0.0
1576870394024 0 s 1 1 0 0.4
1576870394030 0 s 1 1 0 0.0
1576870394036 0 s 1 1 0 0.3
1576870394042 0 s 1 1 0 0.5
1576870394048 0 s 1 1 0 0.9
1576870394054 0 s 1 1 0 0.0
1576870394060 0 s 1 1 0 0.0
1576870394066 0 s 1 1 0 0.0
1576870394072 0 s 1 1 0 0.0
1576870394078 0 s 1 1 0 0.0
1576870394084 0 s 1 1 0 0.0
1576870394090 0 s 1 1 0 0.4
1576870394096 0 s 1 1 0 0.3
1576870394102 0 s 1 1 0 0.5
1576870394108 0 s 1 1 0 0.3
1576870394114 0 s 1 1 0 0.0
1576870394120 0 s 1 1 0 0.3
1576870394126 0 s 1 1 0 0.4
1576870394132 0 s 1 1 0 0.0
1576870394138 0 s 1 1 0 0.5
1576870394144 0 s 1 1 0 0.4
1576870394150 0 s 1 1 0 1.7
1576870394156 0 s 1 1 0 0.0
1576870394162 0 s 1 1 0 0.1
1576870394168 0 s 1 1 0 0.1
1576870394174 0 s 1 1 0 0.0
1576870394180 0 s 1 1 0 0.0
1576870394186 0 s 1 1 0 0.0
1576870394192 0 s 1 1 0 0.1
1576870394198 0 s 1 1 0 0.4
1576870394204 0 s 1 1 0 0.1
1576870394210 0 s 1 1 0 0.1
1576870394216 0 s 1 1 0 0.3
1576870394222 0 s 1 1 0 0.1
1576870394228 0 s 1 1 0 0.5
1576870394234 0 s 1 1 0 0.1
1576870394240 0 s 1 1 0 0.5
1576870394246 0 s 1 1 0 0.3
1576870394252 0 s 1 1 0 0.1
1576870394258 0 s 1 1 0 0.1
1576870394264 0 s 1 1 0 0.3
1576870394270 0 s 1 1 0 0.3
1576870394276 0 s 1 1 0 0.5
1576870394282 0 s 1 1 0 0.3
1576870394289 0 s 1 1 0 0.4
1576870394295 0 s 1 1 0 0.7
1576870394301 0 s 1 1 0 0.0
1576870394307 0 s 1 1 0 0.1
1576870394313 0 s 1 1 0 0.5
1576870394319 0 s 1 1 0 0.0
1576870394325 0 s 1 1 0 0.1
1576870394331 0 s 1 1 0 0.0
1576870394337 0 s 1 1 0 0.3
1576870394343 0 s 1 1 0 0.0
1576870394349 0 s 1 1 0 0.1
1576870394355 0 s 1 1 0 0.3
1576870394361 0 s 1 1 0 0.1
1576870394367 0 s 1 1 0 0.1
1576870394376 0 s 1 1 0 0.3
1576870394385 0 s 1 1 0 0.1
1576870394391 0 s 1 1 0 0.4
1576870394397 0 s 1 1 0 0.0
1576870394403 0 s 1 1 0 0.3
1576870394409 0 s 1 1 0 0.3
1576870394415 0 s 1 1 0 0.3
1576870394421 0 s 1 1 0 0.1
1576870394427 0 s 1 1 0 0.0
1576870394433 0 s 1 1 0 0.0
1576870394439 0 s 1 1 0 0.3
1576870394445 0 s 1 1 0 0.4
1576870394451 0 s 1 1 0 0.1
1576870394457 0 s 1 1 0 0.3
1576870394463 0 s 1 1 0 0.0
1576870394469 0 s 1 1 0 0.0
1576870394475 0 s 1 1 0 0.3
1576870394481 0 s 1 1 0 0.4
1576870394487 0 s 1 1 0 0.1
1576870394493 0 s 1 1 0 0.0
1576870394499 0 s 1 1 0 0.7
1576870394505 0 s 1 1 0 0.0
1576870394511 0 s 1 1 0 0.0
1576870394517 0 s 1 1 0 0.3
1576870394523 0 s 1 1 0 0.5
1576870394529 0 s 1 1 0 0.3
1576870394535 0 s 1 1 0 0.3
1576870394541 0 s 1 1 0 0.1
1576870394547 0 s 1 1 0 0.0
1576870394553 0 s 1 1 0 0.4
1576870394559 0 s 1 1 0 0.1
1576870394565 0 s 1 1 0 0.0
1576870394571 0 s 1 1 0 0.3
1576870394580 0 s 1 1 0 0.3
1576870394589 0 s 1 1 0 0.0
1576870394596 0 s 1 1 0 0.5
1576870394603 0 s 1 1 0 1.1
1576870394609 0 s 1 1 0 0.0
1576870394615 0 s 1 1 0 0.0
1576870394621 0 s 1 1 0 0.4
1576870394627 0 s 1 1 0 0.3
1576870394633 0 s 1 1 0 0.0
1576870394639 0 s 1 1 0 0.1
1576870394645 0 s 1 1 0 0.0
1576870394651 0 s 1 1 0 0.0
1576870394657 0 s 1 1 0 0.1
1576870394663 0 s 1 1 0 0.0
1576870394669 0 s 1 1 0 0.3
1576870394675 0 s 1 1 0 0.0
1576870394681 0 s 1 1 0 0.4
1576870394687 0 s 1 1 0 0.0
1576870394693 0 s 1 1 0 0.0
1576870394699 0 s 1 1 0 0.0
1576870394705 0 s 1 1 0 0.3
1576870394711 0 s 1 1 0 0.3
1576870394717 0 s 1 1 0 0.3
1576870394723 0 s 1 1 0 0.0
1576870394729 0 s 1 1 0 0.4
1576870394735 0 s 1 1 0 0.1
1576870394741 0 s 1 1 0 0.5
1576870394747 0 s 1 1 0 1.2
1576870394753 0 s 1 1 0 0.4
1576870394759 0 s 1 1 0 0.5
1576870394765 0 s 1 1 0 0.0
1576870394771 0 s 1 1 0 0.0
1576870394777 0 s 1 1 0 0.0
1576870394783 0 s 1 1 0 0.1
1576870394790 0 s 1 1 0 0.9
1576870394796 0 s 1 1 0 0.0
1576870394802 0 s 1 1 0 0.4
1576870394808 0 s 1 1 0 0.5
1576870394814 0 s 1 1 0 0.1
1576870394820 0 s 1 1 0 0.0
1576870394826 0 s 1 1 0 0.4
1576870394832 0 s 1 1 0 1.0
1576870394838 0 s 1 1 0 0.5
1576870394844 0 s 1 1 0 0.0
1576870394850 0 s 1 1 0 0.4
1576870394856 0 s 1 1 0 0.4
1576870394862 0 s 1 1 0 0.4
1576870394868 0 s 1 1 0 0.0
1576870394874 0 s 1 1 0 1.1
1576870394880 0 s 1 1 0 1.7
1576870394886 0 s 1 1 0 0.4
1576870394892 0 s 1 1 0 0.5
1576870394898 0 s 1 1 0 0.3
1576870394904 0 s 1 1 0 0.0
1576870394910 0 s 1 1 0 0.0
1576870394916 0 s 1 1 0 0.5
1576870394922 0 s 1 1 0 0.0
1576870394928 0 s 1 1 0 0.0
1576870394934 0 s 1 1 0 0.0
1576870394940 0 s 1 1 0 0.1
1576870394946 0 s 1 1 0 0.0
1576870394952 0 s 1 1 0 0.3
1576870394958 0 s 1 1 0 0.5
1576870394964 0 s 1 1 0 0.0
1576870394970 0 s 1 1 0 0.7
1576870394976 0 s 1 1 0 1.4
1576870394982 0 s 1 1 0 0.4
1576870394988 0 s 1 1 0 0.4
1576870394994 0 s 1 1 0 0.3
1576870395000 0 s 1 1 0 0.1
1576870395006 0 s 1 1 0 0.8
1576870395012 0 s 1 1 0 0.0
1576870395018 0 s 1 1 0 0.3
1576870395024 0 s 1 1 0 0.0
1576870395030 0 s 1 1 0 0.8
1576870395036 0 s 1 1 0 0.0
1576870395042 0 s 1 1 0 0.3
1576870395048 0 s 1 1 0 0.3
1576870395054 0 s 1 1 0 0.0
1576870395060 0 s 1 1 0 0.4
1576870395066 0 s 1 1 0 0.1
1576870395072 0 s 1 1 0 0.0
1576870395078 0 s 1 1 0 1.9
1576870395084 0 s 1 1 0 1.1
1576870395090 0 s 1 1 0 0.4
1576870395096 0 s 1 1 0 0.1
1576870395102 0 s 1 1 0 0.0
1576870395108 0 s 1 1 0 0.1
1576870395114 0 s 1 1 0 0.0
1576870395120 0 s 1 1 0 0.0
1576870395126 0 s 1 1 0 0.5
1576870395132 0 s 1 1 0 0.4
1576870395138 0 s 1 1 0 0.0
1576870395144 0 s 1 1 0 0.3
1576870395150 0 s 1 1 0 0.0
1576870395156 0 s 1 1 0 0.1
1576870395162 0 s 1 1 0 0.4
1576870395168 0 s 1 1 0 0.0
1576870395174 0 s 1 1 0 0.4
1576870395180 0 s 1 1 0 0.5
1576870395186 0 s 1 1 0 0.0
1576870395192 0 s 1 1 0 0.5
1576870395198 0 s 1 1 0 0.0
1576870395204 0 s 1 1 0 0.5
1576870395210 0 s 1 1 0 0.5
1576870395216 0 s 1 1 0 0.5
1576870395222 0 s 1 1 0 0.0
1576870395228 0 s 1 1 0 0.0
1576870395234 0 s 1 1 0 0.3
1576870395240 0 s 1 1 0 0.9
1576870395246 0 s 1 1 0 0.8
1576870395252 0 s 1 1 0 0.0
1576870395258 0 s 1 1 0 0.5
1576870395264 0 s 1 1 0 0.1
1576870395270 0 s 1 1 0 0.5
1576870395276 0 s 1 1 0 0.0
1576870395282 0 s 1 1 0 0.0
1576870395288 0 s 1 1 0 0.3
1576870395295 0 s 1 1 0 0.3
1576870395301 0 s 1 1 0 0.0
1576870395307 0 s 1 1 0 0.3
1576870395313 0 s 1 1 0 0.0
1576870395319 0 s 1 1 0 0.5
1576870395325 0 s 1 1 0 0.4
1576870395331 0 s 1 1 0 0.1
1576870395337 0 s 1 1 0 0.0
1576870395343 0 s 1 1 0 0.0
1576870395349 0 s 1 1 0 0.1
1576870395355 0 s 1 1 0 0.4
1576870395361 0 s 1 1 0 0.3
1576870395367 0 s 1 1 0 0.3
1576870395373 0 s 1 1 0 0.4
1576870395379 0 s 1 1 0 0.0
1576870395385 0 s 1 1 0 0.3
1576870395391 0 s 1 1 0 0.0
1576870395397 0 s 1 1 0 0.5
1576870395403 0 s 1 1 0 0.4
1576870395409 0 s 1 1 0 0.3
1576870395415 0 s 1 1 0 0.1
1576870395421 0 s 1 1 0 0.0
1576870395427 0 s 1 1 0 0.4
1576870395433 0 s 1 1 0 0.1
1576870395439 0 s 1 1 0 0.5
1576870395445 0 s 1 1 0 0.0
1576870395451 0 s 1 1 0 0.5
1576870395457 0 s 1 1 0 0.0
1576870395463 0 s 1 1 0 0.5
1576870395469 0 s 1 1 0 0.0
1576870395475 0 s 1 1 0 0.0
1576870395481 0 s 1 1 0 0.0
1576870395487 0 s 1 1 0 0.1
1576870395493 0 s 1 1 0 0.0
1576870395499 0 s 1 1 0 0.4
1576870395505 0 s 1 1 0 0.5
1576870395511 0 s 1 1 0 0.5
1576870395517 0 s 1 1 0 0.1
1576870395523 0 s 1 1 0 0.0
1576870395529 0 s 1 1 0 0.1
1576870395535 0 s 1 1 0 0.3
1576870395541 0 s 1 1 0 0.0
1576870395547 0 s 1 1 0 0.0
1576870395553 0 s 1 1 0 0.3
1576870395559 0 s 1 1 0 0.1
1576870395565 0 s 1 1 0 0.5
1576870395571 0 s 1 1 0 0.3
1576870395577 0 s 1 1 0 0.0
1576870395583 0 s 1 1 0 0.3
1576870395589 0 s 1 1 0 0.3
1576870395595 0 s 1 1 0 0.4
1576870395601 0 s 1 1 0 0.0
1576870395607 0 s 1 1 0 0.4
1576870395613 0 s 1 1 0 0.7
1576870395619 0 s 1 1 0 1.2
1576870395625 0 s 1 1 0 0.3
1576870395631 0 s 1 1 0 0.3
1576870395637 0 s 1 1 0 0.3
1576870395643 0 s 1 1 0 0.0
1576870395649 0 s 1 1 0 0.3
1576870395655 0 s 1 1 0 0.1
1576870395661 0 s 1 1 0 0.0
1576870395667 0 s 1 1 0 0.1
1576870395676 0 s 1 1 0 0.1
1576870395682 0 s 1 1 0 0.1
1576870395688 0 s 1 1 0 0.0
1576870395694 0 s 1 1 0 0.0
1576870395700 0 s 1 1 0 0.0
1576870395706 0 s 1 1 0 0.0
1576870395712 0 s 1 1 0 0.0
1576870395718 0 s 1 1 0 0.5
1576870395725 0 s 1 1 0 0.0
1576870395732 0 s 1 1 0 0.1
1576870395738 0 s 1 1 0 0.0
1576870395744 0 s 1 1 0 0.4
1576870395750 0 s 1 1 0 0.0
1576870395756 0 s 1 1 0 0.0
1576870395762 0 s 1 1 0 0.5
1576870395768 0 s 1 1 0 0.1
1576870395774 0 s 1 1 0 0.1
1576870395780 0 s 1 1 0 0.3
1576870395786 0 s 1 1 0 1.7
1576870395792 0 s 1 1 0 0.3
1576870395799 0 s 1 1 0 0.1
1576870395805 0 s 1 1 0 0.0
1576870395811 0 s 1 1 0 0.5
1576870395817 0 s 1 1 0 0.4
1576870395823 0 s 1 1 0 0.0
1576870395829 0 s 1 1 0 0.0
1576870395835 0 s 1 1 0 0.0
1576870395841 0 s 1 1 0 0.3
1576870395847 0 s 1 1 0 0.0
1576870395853 0 s 1 1 0 0.0
1576870395859 0 s 1 1 0 0.5
1576870395865 0 s 1 1 0 0.4
1576870395871 0 s 1 1 0 0.1
1576870395877 0 s 1 1 0 0.0
1576870395883 0 s 1 1 0 0.3
1576870395889 0 s 1 1 0 0.0
1576870395895 0 s 1 1 0 0.3
1576870395901 0 s 1 1 0 0.5
1576870395907 0 s 1 1 0 0.0
1576870395913 0 s 1 1 0 0.4
1576870395919 0 s 1 1 0 0.5
1576870395925 0 s 1 1 0 0.1
1576870395931 0 s 1 1 0 0.0
1576870395937 0 s 1 1 0 0.1
1576870395943 0 s 1 1 0 0.4
1576870395949 0 s 1 1 0 0.0
1576870395955 0 s 1 1 0 0.5
1576870395961 0 s 1 1 0 0.3
1576870395967 0 s 1 1 0 0.1
1576870395973 0 s 1 1 0 0.5
1576870395979 0 s 1 1 0 0.1
1576870395985 0 s 1 1 0 0.1
1576870395991 0 s 1 1 0 0.0
1576870395997 0 s 1 1 0 0.0
1576870396003 0 s 1 1 0 0.1
1576870396009 0 s 1 1 0 0.4
1576870396015 0 s 1 1 0 0.1
1576870396021 0 s 1 1 0 0.3
1576870396027 0 s 1 1 0 0.0
1576870396033 0 s 1 1 0 0.3
1576870396039 0 s 1 1 0 0.5
1576870396045 0 s 1 1 0 0.0
1576870396051 0 s 1 1 0 0.5
1576870396057 0 s 1 1 0 0.3
1576870396063 0 s 1 1 0 0.4
1576870396069 0 s 1 1 0 0.1
1576870396075 0 s 1 1 0 0.0
1576870396081 0 s 1 1 0 1.0
1576870396087 0 s 1 1 0 0.1
1576870396093 0 s 1 1 0 0.0
1576870396099 0 s 1 1 0 0.1
1576870396105 0 s 1 1 0 0.3
1576870396111 0 s 1 1 0 0.0
1576870396117 0 s 1 1 0 0.5
1576870396123 0 s 1 1 0 0.3
1576870396129 0 s 1 1 0 0.1
1576870396135 0 s 1 1 0 0.4
1576870396141 0 s 1 1 0 0.5
1576870396147 0 s 1 1 0 0.0
1576870396153 0 s 1 1 0 0.5
1576870396159 0 s 1 1 0 0.4
1576870396165 0 s 1 1 0 0.3
1576870396171 0 s 1 1 0 0.5
1576870396177 0 s 1 1 0 0.4
1576870396183 0 s 1 1 0 0.3
1576870396189 0 s 1 1 0 0.4
1576870396195 0 s 1 1 0 0.1
1576870396201 0 s 1 1 0 0.0
1576870396207 0 s 1 1 0 0.0
1576870396213 0 s 1 1 0 0.0
1576870396219 0 s 1 1 0 0.1
1576870396225 0 s 1 1 0 0.1
1576870396231 0 s 1 1 0 0.0
1576870396237 0 s 1 1 0 0.0
1576870396243 0 s 1 1 0 0.5
1576870396249 0 s 1 1 0 0.1
1576870396255 0 s 1 1 0 0.0
1576870396261 0 s 1 1 0 0.0
1576870396267 0 s 1 1 0 0.0
1576870396273 0 s 1 1 0 0.0
1576870396279 0 s 1 1 0 0.0
1576870396285 0 s 1 1 0 0.0
1576870396291 0 s 1 1 0 0.4
1576870396297 0 s 1 1 0 0.3
1576870396304 0 s 1 1 0 0.0
1576870396310 0 s 1 1 0 0.4
1576870396316 0 s 1 1 0 1.8
1576870396322 0 s 1 1 0 0.3
1576870396328 0 s 1 1 0 0.1
1576870396334 0 s 1 1 0 0.0
1576870396340 0 s 1 1 0 0.1
1576870396346 0 s 1 1 0 0.1
1576870396352 0 s 1 1 0 0.1
1576870396358 0 s 1 1 0 0.0
1576870396364 0 s 1 1 0 0.3
1576870396370 0 s 1 1 0 0.0
1576870396376 0 s 1 1 0 0.4
1576870396382 0 s 1 1 0 0.4
1576870396388 0 s 1 1 0 0.4
1576870396394 0 s 1 1 0 0.3
1576870396400 0 s 1 1 0 0.0
1576870396406 0 s 1 1 0 0.5
1576870396412 0 s 1 1 0 0.0
1576870396418 0 s 1 1 0 0.0
1576870396424 0 s 1 1 0 0.3
1576870396430 0 s 1 1 0 0.4
1576870396436 0 s 1 1 0 0.0
1576870396442 0 s 1 1 0 0.5
1576870396448 0 s 1 1 0 0.5
1576870396454 0 s 1 1 0 0.3
1576870396460 0 s 1 1 0 0.3
1576870396466 0 s 1 1 0 0.1
1576870396472 0 s 1 1 0 0.1
1576870396478 0 s 1 1 0 0.1
1576870396484 0 s 1 1 0 0.4
1576870396490 0 s 1 1 0 0.4
1576870396496 0 s 1 1 0 0.0
1576870396502 0 s 1 1 0 0.3
1576870396508 0 s 1 1 0 0.3
1576870396514 0 s 1 1 0 0.0
1576870396520 0 s 1 1 0 0.1
1576870396526 0 s 1 1 0 0.1
1576870396532 0 s 1 1 0 0.3
1576870396538 0 s 1 1 0 0.4
1576870396544 0 s 1 1 0 0.1
1576870396550 0 s 1 1 0 0.5
1576870396556 0 s 1 1 0 0.3
1576870396562 0 s 1 1 0 0.0
1576870396568 0 s 1 1 0 0.3
1576870396574 0 s 1 1 0 0.1
1576870396580 0 s 1 1 0 1.0
1576870396586 0 s 1 1 0 0.1
1576870396592 0 s 1 1 0 1.7
1576870396598 0 s 1 1 0 0.7
1576870396604 0 s 1 1 0 1.3
1576870396610 0 s 1 1 0 0.4
1576870396616 0 s 1 1 0 0.3
1576870396622 0 s 1 1 0 0.3
1576870396628 0 s 1 1 0 0.4
1576870396634 0 s 1 1 0 0.1
1576870396640 0 s 1 1 0 0.0
1576870396646 0 s 1 1 0 0.3
1576870396652 0 s 1 1 0 0.1
1576870396658 0 s 1 1 0 0.0
1576870396664 0 s 1 1 0 0.1
1576870396670 0 s 1 1 0 0.0
1576870396676 0 s 1 1 0 0.3
1576870396682 0 s 1 1 0 0.3
1576870396688 0 s 1 1 0 0.0
1576870396694 0 s 1 1 0 0.1
1576870396700 0 s 1 1 0 0.1
1576870396706 0 s 1 1 0 0.3
1576870396712 0 s 1 1 0 0.0
1576870396718 0 s 1 1 0 0.0
1576870396724 0 s 1 1 0 0.1
1576870396730 0 s 1 1 0 0.4
1576870396736 0 s 1 1 0 0.0
1576870396742 0 s 1 1 0 0.0
1576870396748 0 s 1 1 0 0.3
1576870396754 0 s 1 1 0 0.7
1576870396760 0 s 1 1 0 0.5
1576870396766 0 s 1 1 0 0.4
1576870396772 0 s 1 1 0 0.0
1576870396778 0 s 1 1 0 0.4
1576870396784 0 s 1 1 0 0.4
1576870396790 0 s 1 1 0 0.0
1576870396796 0 s 1 1 0 0.1
1576870396802 0 s 1 1 0 0.0
1576870396809 0 s 1 1 0 0.3
1576870396815 0 s 1 1 0 0.3
1576870396821 0 s 1 1 0 0.1
1576870396827 0 s 1 1 0 0.1
1576870396833 0 s 1 1 0 0.0
1576870396839 0 s 1 1 0 0.4
1576870396848 0 s 1 1 0 0.1
1576870396857 0 s 1 1 0 0.9
1576870396864 0 s 1 1 0 0.3
1576870396871 0 s 1 1 0 0.3
1576870396878 0 s 1 1 0 1.5
1576870396884 0 s 1 1 0 0.0
1576870396890 0 s 1 1 0 0.0
1576870396897 0 s 1 1 0 0.3
1576870396904 0 s 1 1 0 0.3
1576870396910 0 s 1 1 0 0.0
1576870396916 0 s 1 1 0 0.5
1576870396922 0 s 1 1 0 0.9
1576870396928 0 s 1 1 0 0.0
